    .000     .000 
    .010     .001 
    .020     .004 
    .030     .009 
    .040     .016 
    .050     .025 
    .060     .036 
    .070     .048 
    .080     .063 
    .090     .080 
    .100     .099 
    .110     .119 
    .120     .142 
    .130     .167 
    .140     .193 
    .150     .222 
    .160     .252 
    .170     .284 
    .180     .319 
    .190     .355 
    .200     .393 
    .210     .433 
    .220     .475 
    .230     .519 
    .240     .565 
    .250     .613 
    .260     .663 
    .270     .714 
    .280     .768 
    .290     .823 
    .300     .880 
    .310     .939 
    .320    1.000 
    .330    1.063 
    .340    1.128 
    .350    1.194 
    .360    1.263 
    .370    1.333 
    .380    1.405 
    .390    1.479 
    .400    1.554 
    .410    1.632 
    .420    1.711 
    .430    1.792 
    .440    1.875 
    .450    1.959 
    .460    2.045 
    .470    2.133 
    .480    2.223 
    .490    2.314 
    .500    2.407 
    .510    2.502 
    .520    2.598 
    .530    2.696 
    .540    2.796 
    .550    2.897 
    .560    3.000 
    .570    3.105 
    .580    3.211 
    .590    3.319 
    .600    3.429 
    .610    3.540 
    .620    3.652 
    .630    3.766 
    .640    3.882 
    .650    3.999 
    .660    4.118 
    .670    4.238 
    .680    4.359 
    .690    4.482 
    .700    4.607 
    .710    4.733 
    .720    4.860 
    .730    4.989 
    .740    5.119 
    .750    5.250 
    .760    5.383 
    .770    5.517 
    .780    5.653 
    .790    5.790 
    .800    5.928 
    .810    6.067 
    .820    6.208 
    .830    6.350 
    .840    6.493 
    .850    6.637 
    .860    6.783 
    .870    6.929 
    .880    7.077 
    .890    7.226 
    .900    7.376 
    .910    7.527 
    .920    7.680 
    .930    7.833 
    .940    7.987 
    .950    8.143 
    .960    8.299 
    .970    8.456 
    .980    8.615 
    .990    8.774 
   1.000    8.935 
   1.010    9.096 
   1.020    9.258 
   1.030    9.421 
   1.040    9.585 
   1.050    9.749 
   1.060    9.915 
   1.070   10.081 
   1.080   10.248 
   1.090   10.416 
   1.100   10.585 
   1.110   10.754 
   1.120   10.924 
   1.130   11.095 
   1.140   11.267 
   1.150   11.439 
   1.160   11.611 
   1.170   11.785 
   1.180   11.958 
   1.190   12.133 
   1.200   12.308 
   1.210   12.483 
   1.220   12.659 
   1.230   12.836 
   1.240   13.013 
   1.250   13.190 
   1.260   13.368 
   1.270   13.546 
   1.280   13.725 
   1.290   13.904 
   1.300   14.083 
   1.310   14.263 
   1.320   14.443 
   1.330   14.623 
   1.340   14.804 
   1.350   14.984 
   1.360   15.165 
   1.370   15.346 
   1.380   15.528 
   1.390   15.709 
   1.400   15.891 
   1.410   16.072 
   1.420   16.254 
   1.430   16.436 
   1.440   16.618 
   1.450   16.799 
   1.460   16.981 
   1.470   17.163 
   1.480   17.345 
   1.490   17.527 
   1.500   17.708 
   1.510   17.890 
   1.520   18.071 
   1.530   18.253 
   1.540   18.434 
   1.550   18.615 
   1.560   18.796 
   1.570   18.976 
   1.580   19.156 
   1.590   19.336 
   1.600   19.516 
   1.610   19.695 
   1.620   19.875 
   1.630   20.053 
   1.640   20.232 
   1.650   20.409 
   1.660   20.587 
   1.670   20.764 
   1.680   20.941 
   1.690   21.117 
   1.700   21.292 
   1.710   21.468 
   1.720   21.642 
   1.730   21.816 
   1.740   21.990 
   1.750   22.163 
   1.760   22.335 
   1.770   22.506 
   1.780   22.677 
   1.790   22.848 
   1.800   23.017 
   1.810   23.186 
   1.820   23.354 
   1.830   23.522 
   1.840   23.688 
   1.850   23.854 
   1.860   24.019 
   1.870   24.183 
   1.880   24.347 
   1.890   24.509 
   1.900   24.671 
   1.910   24.831 
   1.920   24.991 
   1.930   25.150 
   1.940   25.308 
   1.950   25.465 
   1.960   25.620 
   1.970   25.775 
   1.980   25.929 
   1.990   26.082 
   2.000   26.234 
   2.010   26.384 
   2.020   26.534 
   2.030   26.682 
   2.040   26.830 
   2.050   26.976 
   2.060   27.121 
   2.070   27.265 
   2.080   27.407 
   2.090   27.549 
   2.100   27.689 
   2.110   27.828 
   2.120   27.966 
   2.130   28.102 
   2.140   28.237 
   2.150   28.371 
   2.160   28.504 
   2.170   28.635 
   2.180   28.765 
   2.190   28.893 
   2.200   29.020 
   2.210   29.146 
   2.220   29.270 
   2.230   29.393 
   2.240   29.514 
   2.250   29.634 
   2.260   29.753 
   2.270   29.870 
   2.280   29.986 
   2.290   30.100 
   2.300   30.212 
   2.310   30.323 
   2.320   30.433 
   2.330   30.541 
   2.340   30.647 
   2.350   30.752 
   2.360   30.855 
   2.370   30.957 
   2.380   31.057 
   2.390   31.155 
   2.400   31.252 
   2.410   31.347 
   2.420   31.441 
   2.430   31.533 
   2.440   31.623 
   2.450   31.712 
   2.460   31.798 
   2.470   31.884 
   2.480   31.967 
   2.490   32.049 
   2.500   32.129 
   2.510   32.207 
   2.520   32.284 
   2.530   32.359 
   2.540   32.432 
   2.550   32.503 
   2.560   32.572 
   2.570   32.640 
   2.580   32.706 
   2.590   32.770 
   2.600   32.833 
   2.610   32.893 
   2.620   32.952 
   2.630   33.009 
   2.640   33.064 
   2.650   33.118 
   2.660   33.169 
   2.670   33.219 
   2.680   33.267 
   2.690   33.313 
   2.700   33.357 
   2.710   33.399 
   2.720   33.440 
   2.730   33.479 
   2.740   33.515 
   2.750   33.550 
   2.760   33.583 
   2.770   33.614 
   2.780   33.644 
   2.790   33.671 
   2.800   33.696 
   2.810   33.720 
   2.820   33.742 
   2.830   33.762 
   2.840   33.780 
   2.850   33.796 
   2.860   33.810 
   2.870   33.822 
   2.880   33.833 
   2.890   33.841 
   2.900   33.848 
   2.910   33.853 
   2.920   33.856 
   2.930   33.857 
   2.940   33.856 
   2.950   33.853 
   2.960   33.848 
   2.970   33.842 
   2.980   33.834 
   2.990   33.823 
   3.000   33.811 
   3.010   33.797 
   3.020   33.781 
   3.030   33.763 
   3.040   33.744 
   3.050   33.722 
   3.060   33.699 
   3.070   33.674 
   3.080   33.647 
   3.090   33.618 
   3.100   33.587 
   3.110   33.555 
   3.120   33.520 
   3.130   33.484 
   3.140   33.446 
   3.150   33.406 
   3.160   33.364 
   3.170   33.321 
   3.180   33.276 
   3.190   33.229 
   3.200   33.180 
   3.210   33.129 
   3.220   33.077 
   3.230   33.023 
   3.240   32.967 
   3.250   32.909 
   3.260   32.850 
   3.270   32.788 
   3.280   32.726 
   3.290   32.661 
   3.300   32.595 
   3.310   32.527 
   3.320   32.457 
   3.330   32.386 
   3.340   32.312 
   3.350   32.238 
   3.360   32.161 
   3.370   32.083 
   3.380   32.004 
   3.390   31.922 
   3.400   31.839 
   3.410   31.755 
   3.420   31.669 
   3.430   31.581 
   3.440   31.492 
   3.450   31.401 
   3.460   31.309 
   3.470   31.215 
   3.480   31.119 
   3.490   31.022 
   3.500   30.924 
   3.510   30.824 
