    .000  100.000 
    .010   99.998 
    .020   99.992 
    .030   99.982 
    .040   99.968 
    .050   99.951 
    .060   99.929 
    .070   99.903 
    .080   99.874 
    .090   99.840 
    .100   99.803 
    .110   99.761 
    .120   99.716 
    .130   99.667 
    .140   99.614 
    .150   99.557 
    .160   99.496 
    .170   99.431 
    .180   99.362 
    .190   99.289 
    .200   99.213 
    .210   99.132 
    .220   99.048 
    .230   98.960 
    .240   98.868 
    .250   98.772 
    .260   98.672 
    .270   98.569 
    .280   98.461 
    .290   98.350 
    .300   98.235 
    .310   98.117 
    .320   97.994 
    .330   97.868 
    .340   97.738 
    .350   97.604 
    .360   97.466 
    .370   97.325 
    .380   97.180 
    .390   97.031 
    .400   96.879 
    .410   96.723 
    .420   96.563 
    .430   96.400 
    .440   96.233 
    .450   96.062 
    .460   95.888 
    .470   95.710 
    .480   95.529 
    .490   95.344 
    .500   95.156 
    .510   94.964 
    .520   94.768 
    .530   94.569 
    .540   94.367 
    .550   94.161 
    .560   93.952 
    .570   93.739 
    .580   93.523 
    .590   93.304 
    .600   93.081 
    .610   92.855 
    .620   92.625 
    .630   92.392 
    .640   92.156 
    .650   91.917 
    .660   91.675 
    .670   91.429 
    .680   91.180 
    .690   90.928 
    .700   90.673 
    .710   90.414 
    .720   90.153 
    .730   89.888 
    .740   89.620 
    .750   89.350 
    .760   89.076 
    .770   88.799 
    .780   88.520 
    .790   88.237 
    .800   87.952 
    .810   87.663 
    .820   87.372 
    .830   87.078 
    .840   86.781 
    .850   86.482 
    .860   86.179 
    .870   85.874 
    .880   85.566 
    .890   85.255 
    .900   84.942 
    .910   84.626 
    .920   84.308 
    .930   83.987 
    .940   83.663 
    .950   83.337 
    .960   83.009 
    .970   82.678 
    .980   82.344 
    .990   82.008 
   1.000   81.670 
   1.010   81.329 
   1.020   80.986 
   1.030   80.641 
   1.040   80.294 
   1.050   79.944 
   1.060   79.592 
   1.070   79.238 
   1.080   78.882 
   1.090   78.523 
   1.100   78.163 
   1.110   77.800 
   1.120   77.436 
   1.130   77.069 
   1.140   76.701 
   1.150   76.331 
   1.160   75.958 
   1.170   75.584 
   1.180   75.208 
   1.190   74.831 
   1.200   74.451 
   1.210   74.070 
   1.220   73.687 
   1.230   73.302 
   1.240   72.916 
   1.250   72.528 
   1.260   72.139 
   1.270   71.748 
   1.280   71.355 
   1.290   70.961 
   1.300   70.566 
   1.310   70.169 
   1.320   69.771 
   1.330   69.371 
   1.340   68.970 
   1.350   68.568 
   1.360   68.165 
   1.370   67.760 
   1.380   67.354 
   1.390   66.947 
   1.400   66.539 
   1.410   66.130 
   1.420   65.720 
   1.430   65.309 
   1.440   64.896 
   1.450   64.483 
   1.460   64.069 
   1.470   63.654 
   1.480   63.238 
   1.490   62.822 
   1.500   62.405 
   1.510   61.986 
   1.520   61.568 
   1.530   61.148 
   1.540   60.728 
   1.550   60.307 
   1.560   59.886 
   1.570   59.464 
   1.580   59.042 
   1.590   58.619 
   1.600   58.196 
   1.610   57.772 
   1.620   57.348 
   1.630   56.923 
   1.640   56.499 
   1.650   56.074 
   1.660   55.648 
   1.670   55.223 
   1.680   54.797 
   1.690   54.372 
   1.700   53.946 
   1.710   53.520 
   1.720   53.094 
   1.730   52.668 
   1.740   52.242 
   1.750   51.816 
   1.760   51.390 
   1.770   50.965 
   1.780   50.539 
   1.790   50.114 
   1.800   49.689 
   1.810   49.264 
   1.820   48.839 
   1.830   48.415 
   1.840   47.991 
   1.850   47.568 
   1.860   47.145 
   1.870   46.722 
   1.880   46.300 
   1.890   45.878 
   1.900   45.457 
   1.910   45.037 
   1.920   44.617 
   1.930   44.197 
   1.940   43.779 
   1.950   43.361 
   1.960   42.944 
   1.970   42.527 
   1.980   42.112 
   1.990   41.697 
   2.000   41.283 
   2.010   40.870 
   2.020   40.457 
   2.030   40.046 
   2.040   39.636 
   2.050   39.227 
   2.060   38.818 
   2.070   38.411 
   2.080   38.005 
   2.090   37.600 
   2.100   37.196 
   2.110   36.794 
   2.120   36.392 
   2.130   35.992 
   2.140   35.593 
   2.150   35.195 
   2.160   34.799 
   2.170   34.404 
   2.180   34.010 
   2.190   33.617 
   2.200   33.226 
   2.210   32.837 
   2.220   32.449 
   2.230   32.062 
   2.240   31.677 
   2.250   31.294 
   2.260   30.912 
   2.270   30.532 
   2.280   30.153 
   2.290   29.776 
   2.300   29.401 
   2.310   29.027 
   2.320   28.655 
   2.330   28.285 
   2.340   27.916 
   2.350   27.550 
   2.360   27.185 
   2.370   26.822 
   2.380   26.461 
   2.390   26.101 
   2.400   25.744 
   2.410   25.389 
   2.420   25.035 
   2.430   24.683 
   2.440   24.334 
   2.450   23.986 
   2.460   23.641 
   2.470   23.297 
   2.480   22.956 
   2.490   22.616 
   2.500   22.279 
   2.510   21.944 
   2.520   21.611 
   2.530   21.280 
   2.540   20.952 
   2.550   20.625 
   2.560   20.301 
   2.570   19.979 
   2.580   19.659 
   2.590   19.341 
   2.600   19.026 
   2.610   18.713 
   2.620   18.403 
   2.630   18.094 
   2.640   17.789 
   2.650   17.485 
   2.660   17.184 
   2.670   16.885 
   2.680   16.589 
   2.690   16.295 
   2.700   16.003 
   2.710   15.714 
   2.720   15.427 
   2.730   15.143 
   2.740   14.861 
   2.750   14.582 
   2.760   14.305 
   2.770   14.031 
   2.780   13.760 
   2.790   13.491 
   2.800   13.224 
   2.810   12.960 
   2.820   12.699 
   2.830   12.440 
   2.840   12.184 
   2.850   11.930 
   2.860   11.679 
   2.870   11.431 
   2.880   11.185 
   2.890   10.942 
   2.900   10.701 
   2.910   10.463 
   2.920   10.228 
   2.930    9.996 
   2.940    9.766 
   2.950    9.539 
   2.960    9.314 
   2.970    9.092 
   2.980    8.873 
   2.990    8.657 
   3.000    8.443 
   3.010    8.232 
   3.020    8.024 
   3.030    7.818 
   3.040    7.616 
   3.050    7.416 
   3.060    7.218 
   3.070    7.024 
   3.080    6.832 
   3.090    6.643 
   3.100    6.456 
   3.110    6.272 
   3.120    6.092 
   3.130    5.913 
   3.140    5.738 
   3.150    5.565 
   3.160    5.395 
   3.170    5.228 
   3.180    5.064 
   3.190    4.902 
   3.200    4.743 
   3.210    4.586 
   3.220    4.433 
   3.230    4.282 
   3.240    4.134 
   3.250    3.989 
   3.260    3.846 
   3.270    3.706 
   3.280    3.569 
   3.290    3.435 
   3.300    3.303 
   3.310    3.174 
   3.320    3.048 
   3.330    2.924 
   3.340    2.803 
   3.350    2.685 
   3.360    2.569 
   3.370    2.456 
   3.380    2.346 
   3.390    2.238 
   3.400    2.134 
   3.410    2.031 
   3.420    1.932 
   3.430    1.835 
   3.440    1.740 
   3.450    1.649 
   3.460    1.560 
   3.470    1.473 
   3.480    1.389 
   3.490    1.308 
   3.500    1.229 
   3.510    1.153 
