# generation members children parameters
       0         1         1        26
# current member 
    1
# parameter list
    0.4284652233E+01
    0.6974334717E+01
    0.3798887134E+00
    0.8401361108E+00
    0.3399369717E+00
    0.1837744331E+02
    0.1937634468E+02
    0.1600000000E+02
    0.3822026730E+01
    0.6264215469E+01
    0.3867895901E+00
    0.8397440314E+00
    0.5238102078E+00
    0.9667113304E+01
    0.6159515977E+00
   -0.3933680430E-01
    0.2266134135E-01
   -0.1188094757E-03
    0.1000000000E+01
    0.3670574427E+00
    0.5413196608E-01
    0.1297902822E+01
    0.4100000020E-02
    0.1470000017E-01
    0.6570000201E-02
    0.6077999994E-01
