 0.02                     0.00
 0.04                     0.00
 0.06                     0.00
 0.08                     0.00
 1.00000000000023E-0001   1.71942976190621E+0000
 1.20000000000005E-0001   1.47125446428618E+0000
 1.40000000000100E-0001   1.19270875850270E+0000
 1.60000000000082E-0001   1.01178497023830E+0000
 1.80000000000064E-0001   1.03476620370384E+0000
 2.00000000000045E-0001   1.31437797619037E+0000
 2.20000000000027E-0001   1.83091774891727E+0000
 2.40000000000009E-0001   2.48926091269823E+0000
 2.60000000000218E-0001   3.13622023809512E+0000
 2.80000000000200E-0001   3.59548469387300E+0000
 3.00000000000182E-0001   3.71070039682309E+0000
 3.20000000000164E-0001   3.38785156250015E+0000
 3.40000000000146E-0001   2.62470938375191E+0000
 3.60000000000127E-0001   1.51816699735355E+0000
 3.80000000000109E-0001   2.46919799498755E-0001
 4.00000000000091E-0001  -9.67918452381127E-0001
 4.20000000000073E-0001  -1.91466978458084E+0000
 4.40000000000055E-0001  -2.44153409090723E+0000
 4.60000000000036E-0001  -2.49278079709984E+0000
 4.80000000000018E-0001  -2.12005456349289E+0000
 5.00000000000000E-0001  -1.46626666666816E+0000
 5.20000000000437E-0001  -7.26191849816132E-0001
 5.39999999999964E-0001  -9.50212191357878E-0002
 5.60000000000400E-0001   2.80802827380739E-0001
 5.79999999999927E-0001   3.37106629720893E-0001
 6.00000000000364E-0001   1.01132142857068E-0001
 6.19999999999891E-0001  -3.24943164362594E-0001
 6.40000000000327E-0001  -7.99946149552852E-0001
 6.59999999999854E-0001  -1.18748917748781E+0000
 6.80000000000291E-0001  -1.39438112744938E+0000
 6.99999999999818E-0001  -1.39273384353874E+0000
 7.20000000000255E-0001  -1.22049603174673E+0000
 7.39999999999782E-0001  -9.62121943372040E-0001
 7.60000000000218E-0001  -7.17002349623726E-0001
 7.79999999999745E-0001  -5.66519459707706E-0001
 8.00000000000182E-0001  -5.50217782738400E-0001
 8.19999999999709E-0001  -6.57726988965806E-0001
 8.40000000000146E-0001  -8.37520549886904E-0001
 8.59999999999673E-0001  -1.01809108527050E+0000
 8.80000000000109E-0001  -1.13335430194820E+0000
 8.99999999999636E-0001  -1.14368849206403E+0000
 9.20000000000073E-0001  -1.04605460662424E+0000
 9.39999999999600E-0001  -8.71196808510831E-0001
 9.60000000000036E-0001  -6.70296999007405E-0001
 9.79999999999563E-0001  -4.96865403304582E-0001
 1.00000000000000E+0000  -3.90544940476502E-0001
 1.02000000000044E+0000  -3.67982026143636E-0001
 1.04000000000087E+0000  -4.22706845237371E-0001
 1.05999999999949E+0000  -5.32431828391964E-0001
 1.07999999999993E+0000  -6.69641754850090E-0001
 1.10000000000036E+0000  -8.10766774891817E-0001
 1.12000000000080E+0000  -9.40608524659183E-0001
 1.13999999999942E+0000  -1.05127297410218E+0000
 1.15999999999985E+0000  -1.13762879720889E+0000
 1.18000000000029E+0000  -1.19270581113778E+0000
 1.20000000000073E+0000  -1.20640624999760E+0000
 1.21999999999935E+0000  -1.16886416861962E+0000
 1.23999999999978E+0000  -1.07726718509912E+0000
 1.26000000000022E+0000  -9.42619992440996E-0001
 1.28000000000065E+0000  -7.92373976933959E-0001
 1.29999999999927E+0000  -6.65986721612171E-0001
 1.31999999999971E+0000  -6.03495220057994E-0001
 1.34000000000015E+0000  -6.30469971570164E-0001
 1.36000000000058E+0000  -7.45109856441559E-0001
 1.37999999999920E+0000  -9.13448498965408E-0001
 1.39999999999964E+0000  -1.07634056122515E+0000
 1.42000000000007E+0000  -1.16760689134753E+0000
 1.44000000000051E+0000  -1.13815310846621E+0000
 1.45999999999913E+0000  -9.77601924331793E-0001
 1.47999999999956E+0000  -7.24719675032247E-0001
 1.50000000000000E+0000  -4.60978571428313E-0001
 1.52000000000044E+0000  -2.87268562030022E-0001
 1.54000000000087E+0000  -2.90172425788114E-0001
 1.55999999999949E+0000  -5.08916742978727E-0001
 1.57999999999993E+0000  -9.15256178421259E-0001
 1.60000000000036E+0000  -1.41518266368985E+0000
 1.62000000000080E+0000  -1.87436985596469E+0000
 1.63999999999942E+0000  -2.16078433507573E+0000
 1.65999999999985E+0000  -2.19107752438140E+0000
 1.68000000000029E+0000  -1.96448873299232E+0000
 1.70000000000073E+0000  -1.57098284313543E+0000
 1.71999999999935E+0000  -1.16818140919167E+0000
 1.73999999999978E+0000  -9.32292008757940E-0001
 1.76000000000022E+0000  -9.97840232684212E-0001
 1.78000000000065E+0000  -1.40649344569283E+0000
 1.79999999999927E+0000  -2.08355456349454E+0000
 1.81999999999971E+0000  -2.85294119570972E+0000
 1.84000000000015E+0000  -3.48856107660686E+0000
 1.86000000000058E+0000  -3.78743919610497E+0000
 1.87999999999920E+0000  -3.64096377913302E+0000
 1.89999999999964E+0000  -3.07951660401159E+0000
 1.92000000000007E+0000  -2.27294425843138E+0000
 1.94000000000051E+0000  -1.48334100392822E+0000
 1.95999999999913E+0000  -9.82598396501999E-0001
 1.97999999999956E+0000  -9.60475889851296E-0001
 2.00000000000000E+0000  -1.45398988095258E+0000
 2.02000000000044E+0000  -2.32403671617067E+0000
 2.04000000000087E+0000  -3.29092553687951E+0000
 2.06000000000131E+0000  -4.02122341655195E+0000
 2.08000000000175E+0000  -4.24024152929633E+0000
 2.09999999999854E+0000  -3.83359126984215E+0000
 2.11999999999898E+0000  -2.90203840970571E+0000
 2.13999999999942E+0000  -1.74663746105944E+0000
 2.15999999999985E+0000  -7.82444334215143E-0001
 2.18000000000029E+0000  -4.02899464831535E-0001
 2.20000000000073E+0000  -8.35074675324904E-0001
 2.22000000000116E+0000  -2.03246433933964E+0000
 2.24000000000160E+0000  -3.64403433248299E+0000
 2.25999999999840E+0000  -5.07720975558914E+0000
 2.27999999999884E+0000  -5.64442355890060E+0000
 2.29999999999927E+0000  -4.75646221532224E+0000
 2.31999999999971E+0000  -2.10864455049159E+0000
 2.34000000000015E+0000   2.19531618844121E+0000
 2.36000000000058E+0000   7.62206920903554E+0000
 2.38000000000102E+0000   1.33023434373608E+0001
 2.40000000000146E+0000   1.82199181547621E+0001
 2.41999999999825E+0000   2.14478576348047E+0001
 2.43999999999869E+0000   2.23703185987542E+0001
 2.45999999999913E+0000   2.08301780875190E+0001
 2.47999999999956E+0000   1.71635368663410E+0001
 2.50000000000000E+0000   1.21124928571517E+0001
 2.52000000000044E+0000   6.64092970520869E+0000
 2.54000000000087E+0000   1.70382616235474E+0000
 2.56000000000131E+0000  -1.96823288690211E+0000
 2.58000000000175E+0000  -4.01458564045606E+0000
 2.59999999999854E+0000  -4.48630265567772E+0000
 2.61999999999898E+0000  -3.78081379498326E+0000
 2.63999999999942E+0000  -2.49545680014489E+0000
 2.65999999999985E+0000  -1.24610409953493E+0000
 2.68000000000029E+0000  -5.03327336531584E-0001
 2.70000000000073E+0000  -4.89093915344256E-0001
 2.72000000000116E+0000  -1.15602350315021E+0000
 2.74000000000160E+0000  -2.24558567952408E+0000
 2.75999999999840E+0000  -3.39935515873003E+0000
 2.77999999999884E+0000  -4.28425830764172E+0000
 2.79999999999927E+0000  -4.69305697278469E+0000
 2.81999999999971E+0000  -4.59278959811490E+0000
 2.84000000000015E+0000  -4.11246856136859E+0000
 2.86000000000058E+0000  -3.48121461871051E+0000
 2.88000000000102E+0000  -2.94207795965485E+0000
 2.90000000000146E+0000  -2.67160919540038E+0000
 2.91999999999825E+0000  -2.73045091324457E+0000
 2.93999999999869E+0000  -3.05736556527336E+0000
 2.95999999999913E+0000  -3.50389518983138E+0000
 2.97999999999956E+0000  -3.89386984660086E+0000
 3.00000000000000E+0000  -4.08561706348701E+0000
 3.02000000000044E+0000  -4.01589206874633E+0000
 3.04000000000087E+0000  -3.71289552004964E+0000
 3.06000000000131E+0000  -3.27752100840371E+0000
 3.08000000000175E+0000  -2.84239138837074E+0000
 3.09999999999854E+0000  -2.52511136712928E+0000
 3.11999999999898E+0000  -2.39226572039115E+0000
 3.13999999999942E+0000  -2.44515658173987E+0000
 3.15999999999985E+0000  -2.62976755575437E+0000
 3.18000000000029E+0000  -2.86444294698958E+0000
 3.20000000000073E+0000  -3.07313988095120E+0000
 3.22000000000116E+0000  -3.21158126293813E+0000
 3.24000000000160E+0000  -3.27711272780289E+0000
 3.25999999999840E+0000  -3.30056054630404E+0000
 3.27999999999884E+0000  -3.32515969802989E+0000
 3.29999999999927E+0000  -3.38235569985773E+0000
 3.31999999999971E+0000  -3.47506812966094E+0000
 3.34000000000015E+0000  -3.57519247219898E+0000
 3.36000000000058E+0000  -3.63623511904734E+0000
 3.38000000000102E+0000  -3.61563468582608E+0000
 3.40000000000146E+0000  -3.49719187675146E+0000
 3.41999999999825E+0000  -3.30389341409318E+0000
 3.43999999999869E+0000  -3.09510485880310E+0000
 3.45999999999913E+0000  -2.94786505642696E+0000
 3.47999999999956E+0000  -2.92883141762650E+0000
 3.50000000000000E+0000  -3.06695748299535E+0000
 3.52000000000044E+0000  -3.33772152326492E+0000
 3.54000000000087E+0000  -3.66579903147795E+0000
 3.56000000000131E+0000  -3.94665429374072E+0000
 3.58000000000175E+0000  -4.08060820696846E+0000
 3.59999999999854E+0000  -4.00801091270114E+0000
 3.61999999999898E+0000  -3.73281044462055E+0000
 3.63999999999942E+0000  -3.32528944270234E+0000
 3.65999999999985E+0000  -2.90116770751774E+0000
 3.68000000000029E+0000  -2.58221240941930E+0000
 3.70000000000073E+0000  -2.45002091376955E+0000
 3.72000000000116E+0000  -2.50760528673709E+0000
 3.74000000000160E+0000  -2.66189202953683E+0000
 3.75999999999840E+0000  -2.73421985815730E+0000
 3.77999999999884E+0000  -2.49812767699768E+0000
 3.79999999999927E+0000  -1.73517387217908E+0000
 3.81999999999971E+0000  -2.94490152081835E-0001
 3.84000000000015E+0000   1.86000124007842E+0000
 3.86000000000058E+0000   4.62720053047087E+0000
 3.88000000000102E+0000   7.77726742758387E+0000
 3.90000000000146E+0000   1.09889636752196E+0001
 3.91999999999825E+0000   1.39063517371251E+0001
 3.93999999999869E+0000   1.62016255740891E+0001
 3.95999999999913E+0000   1.76296446608903E+0001
 3.97999999999956E+0000   1.80636366355757E+0001
 4.00000000000000E+0000   1.75063541666605E+0001
 4.01999999999680E+0000   1.60776178630767E+0001
 4.04000000000087E+0000   1.39838357496483E+0001
 4.05999999999767E+0000   1.14783427164075E+0001
 4.08000000000175E+0000   8.82110031512275E+0000
 4.09999999999854E+0000   6.24485627177637E+0000
 4.12000000000262E+0000   3.93148549467878E+0000
 4.13999999999942E+0000   1.99953272371931E+0000
 4.16000000000349E+0000   5.01726619733745E-0001
 4.18000000000029E+0000  -5.69988180678592E-0001
 4.19999999999709E+0000  -1.27372746598849E+0000
 4.22000000000116E+0000  -1.70305800045026E+0000
 4.23999999999796E+0000  -1.96973270440321E+0000
 4.26000000000204E+0000  -2.18493321037022E+0000
 4.27999999999884E+0000  -2.44081414107859E+0000
 4.30000000000291E+0000  -2.79475913620990E+0000
 4.31999999999971E+0000  -3.25918347663173E+0000
 4.33999999999651E+0000  -3.79915103138410E+0000
 4.36000000000058E+0000  -4.33899219091109E+0000
 4.37999999999738E+0000  -4.77703712764196E+0000
 4.40000000000146E+0000  -5.00573998917389E+0000
 4.41999999999825E+0000  -4.93297511312267E+0000
 4.44000000000233E+0000  -4.49983778421301E+0000
 4.45999999999913E+0000  -3.69148248985584E+0000
 4.48000000000320E+0000  -2.53896949404589E+0000
 4.50000000000000E+0000  -1.11288849206358E+0000
 4.51999999999680E+0000   4.89017593763492E-0001
 4.54000000000087E+0000   2.15635619886962E+0000
 4.55999999999767E+0000   3.77946820175566E+0000
 4.58000000000175E+0000   5.25909882511769E+0000
 4.59999999999854E+0000   6.51187758799642E+0000
 4.62000000000262E+0000   7.47236523396714E+0000
 4.63999999999942E+0000   8.09347803775745E+0000
 4.66000000000349E+0000   8.34729077252268E+0000
 4.68000000000029E+0000   8.22678317052487E+0000
 4.69999999999709E+0000   7.74852203647606E+0000
 4.72000000000116E+0000   6.95453995157732E+0000
 4.73999999999796E+0000   5.91142379947996E+0000
 4.76000000000204E+0000   4.70528836534504E+0000
 4.77999999999884E+0000   3.43227485554962E+0000
 4.80000000000291E+0000   2.18578373015771E+0000
 4.81999999999971E+0000   1.04340335407869E+0000
 4.83999999999651E+0000   5.64832620031552E-0002
 4.86000000000058E+0000  -7.54787992357706E-0001
 4.87999999999738E+0000  -1.39957918618347E+0000
 4.90000000000146E+0000  -1.90847667638445E+0000
 4.91999999999825E+0000  -2.32180482965850E+0000
 4.94000000000233E+0000  -2.67757253711170E+0000
 4.95999999999913E+0000  -3.00234495007680E+0000
 4.98000000000320E+0000  -3.30728270223699E+0000
 5.00000000000000E+0000  -3.58977023809348E+0000
 5.01999999999680E+0000  -3.83927859988762E+0000
 5.04000000000087E+0000  -4.04494283824170E+0000
 5.05999999999767E+0000  -4.20186805947742E+0000
 5.08000000000175E+0000  -4.31415213723085E+0000
 5.09999999999854E+0000  -4.39379901960638E+0000
 5.12000000000262E+0000  -4.45626162574627E+0000
 5.13999999999942E+0000  -4.51476398925297E+0000
 5.16000000000349E+0000  -4.57563561276766E+0000
 5.18000000000029E+0000  -4.63650602132839E+0000
 5.19999999999709E+0000  -4.68794070513104E+0000
 5.22000000000116E+0000  -4.71782749497652E+0000
 5.23999999999796E+0000  -4.71664849146327E+0000
 5.26000000000204E+0000  -4.68129639688414E+0000
 5.27999999999884E+0000  -4.61626082251314E+0000
 5.30000000000291E+0000  -4.53099730458052E+0000
 5.31999999999971E+0000  -4.43481247762247E+0000
 5.33999999999651E+0000  -4.33099362404027E+0000
 5.36000000000058E+0000  -4.21226790155924E+0000
 5.37999999999738E+0000  -4.05977606656234E+0000
 5.40000000000146E+0000  -3.84590608465442E+0000
 5.41999999999825E+0000  -3.54078479177770E+0000
 5.44000000000233E+0000  -3.12031687674971E+0000
 5.45999999999913E+0000  -2.57368633350779E+0000
 5.48000000000320E+0000  -1.90804874869355E+0000
 5.50000000000000E+0000  -1.14932900432905E+0000
 5.51999999999680E+0000  -3.38950138026121E-0001
 5.54000000000087E+0000   4.72251375279029E-0001
 5.55999999999767E+0000   1.23122323569805E+0000
 5.58000000000175E+0000   1.88911290322721E+0000
 5.59999999999854E+0000   2.40570897108773E+0000
 5.62000000000262E+0000   2.75148597695079E+0000
 5.63999999999942E+0000   2.90779825227946E+0000
 5.66000000000349E+0000   2.86625652027215E+0000
 5.68000000000029E+0000   2.62827485747766E+0000
 5.69999999999709E+0000   2.20539578112221E+0000
 5.72000000000116E+0000   1.62025266400269E+0000
 5.73999999999796E+0000   9.07417039987195E-0001
 5.76000000000204E+0000   1.13168299437916E-0001
 5.77999999999884E+0000  -7.06665636842445E-0001
 5.80000000000291E+0000  -1.49095956485871E+0000
 5.81999999999971E+0000  -2.17909507445438E+0000
 5.83999999999651E+0000  -2.71714367254026E+0000
 5.86000000000058E+0000  -3.06309422233244E+0000
 5.87999999999738E+0000  -3.18998724489938E+0000
 5.90000000000146E+0000  -3.08661521388058E+0000
 5.91999999999825E+0000  -2.75619469916273E+0000
 5.94000000000233E+0000  -2.21401114317632E+0000
 5.95999999999913E+0000  -1.48531180089412E+0000
 5.98000000000320E+0000  -6.04328913839709E-0001
 6.00000000000000E+0000   3.85438789682667E-0001
 6.01999999999680E+0000   1.43032451352701E+0000
 6.04000000000087E+0000   2.46632962787771E+0000
 6.05999999999767E+0000   3.42111130755802E+0000
 6.08000000000175E+0000   4.21899279448553E+0000
 6.09999999999854E+0000   4.78897638563649E+0000
 6.12000000000262E+0000   5.07456621537858E+0000
 6.13999999999942E+0000   5.04315379245963E+0000
 6.16000000000349E+0000   4.69279723252839E+0000
 6.18000000000029E+0000   4.05414932963322E+0000
 6.19999999999709E+0000   3.18681931644096E+0000
 6.22000000000116E+0000   2.17051848874689E+0000
 6.23999999999796E+0000   1.09293059371157E+0000
 6.26000000000204E+0000   3.68898239008217E-0002
 6.27999999999884E+0000  -9.30381691689945E-0001
 6.30000000000291E+0000  -1.76398715041432E+0000
 6.31999999999971E+0000  -2.44311426311106E+0000
 6.33999999999651E+0000  -2.96838947724245E+0000
 6.36000000000058E+0000  -3.35629866726595E+0000
 6.37999999999738E+0000  -3.63266532318448E+0000
 6.40000000000146E+0000  -3.82687872023962E+0000
 6.41999999999825E+0000  -3.96799436285437E+0000
 6.44000000000233E+0000  -4.08258374001889E+0000
 6.45999999999913E+0000  -4.19384214212187E+0000
 6.48000000000320E+0000  -4.32063675778772E+0000
 6.50000000000000E+0000  -4.47590109890007E+0000
 6.51999999999680E+0000  -4.66382741746929E+0000
 6.54000000000087E+0000  -4.87661733653658E+0000
 6.55999999999767E+0000  -5.09180186556478E+0000
 6.58000000000175E+0000  -5.27149008539709E+0000
 6.59999999999854E+0000  -5.36460768397956E+0000
 6.62000000000262E+0000  -5.31235703495622E+0000
 6.63999999999942E+0000  -5.05633336919709E+0000
 6.66000000000349E+0000  -4.54770663520321E+0000
 6.68000000000029E+0000  -3.75596931137625E+0000
 6.69999999999709E+0000  -2.67529673063109E+0000
 6.72000000000116E+0000  -1.32755810657545E+0000
 6.73999999999796E+0000   2.38261268899123E-0001
 6.76000000000204E+0000   1.94988729219403E+0000
 6.77999999999884E+0000   3.71770701643618E+0000
 6.80000000000291E+0000   5.44190913865168E+0000
 6.81999999999971E+0000   7.01988898198761E+0000
 6.83999999999651E+0000   8.35360536759254E+0000
 6.86000000000058E+0000   9.35673504095757E+0000
 6.87999999999738E+0000   9.96185458195396E+0000
 6.90000000000146E+0000   1.01272342995071E+0001
 6.91999999999825E+0000   9.84293283788429E+0000
 6.94000000000233E+0000   9.13484630163293E+0000
 6.95999999999913E+0000   8.06548046661192E+0000
 6.98000000000320E+0000   6.73054390093603E+0000
 7.00000000000000E+0000   5.25044982993131E+0000
 7.01999999999680E+0000   3.75765075973686E+0000
 7.04000000000087E+0000   2.38130749458651E+0000
 7.05999999999767E+0000   1.23157206933865E+0000
 7.08000000000175E+0000   3.86452700430709E-0001
 7.09999999999854E+0000  -1.16614436619784E-0001
 7.12000000000262E+0000  -2.82868596174467E-0001
 7.13999999999942E+0000  -1.56054255035315E-0001
 7.16000000000349E+0000   1.90890113727164E-0001
 7.18000000000029E+0000   6.68317499004843E-0001
 7.19999999999709E+0000   1.18293650793748E+0000
 7.22000000000116E+0000   1.64940888404999E+0000
 7.23999999999796E+0000   1.99891558142735E+0000
 7.26000000000204E+0000   2.18425570641557E+0000
 7.27999999999884E+0000   2.18163837650354E+0000
 7.30000000000291E+0000   1.99003424657531E+0000
 7.31999999999971E+0000   1.62879342310771E+0000
 7.33999999999651E+0000   1.13425943947186E+0000
 7.36000000000058E+0000   5.55480395963059E-0001
 7.37999999999738E+0000  -5.09387098335878E-0002
 7.40000000000146E+0000  -6.26956000643077E-0001
 7.41999999999825E+0000  -1.11999823514452E+0000
 7.44000000000233E+0000  -1.48997215821873E+0000
 7.45999999999913E+0000  -1.71531341759328E+0000
 7.48000000000320E+0000  -1.79677791571157E+0000
 7.50000000000000E+0000  -1.75781507936517E+0000
 7.51999999999680E+0000  -1.64100889690963E+0000
 7.54000000000087E+0000  -1.50085417456103E+0000
 7.55999999999767E+0000  -1.39403659612071E+0000
 7.58000000000175E+0000  -1.36907588893155E+0000
 7.59999999999854E+0000  -1.45736450501317E+0000
 7.62000000000262E+0000  -1.66740329333879E+0000
 7.63999999999942E+0000  -1.98329048242340E+0000
 7.66000000000349E+0000  -2.36757972771375E+0000
 7.68000000000029E+0000  -2.76772460937718E+0000
 7.69999999999709E+0000  -3.12469310451343E+0000
 7.72000000000116E+0000  -3.38204647792008E+0000
 7.73999999999796E+0000  -3.49396686969339E+0000
 7.76000000000204E+0000  -3.43123849410767E+0000
 7.77999999999884E+0000  -3.18458501652640E+0000
 7.80000000000291E+0000  -2.76547771672631E+0000
 7.81999999999971E+0000  -2.20458759590838E+0000
 7.83999999999651E+0000  -1.54838511297385E+0000
 7.86000000000058E+0000  -8.54225736095941E-0001
 7.87999999999738E+0000  -1.84257538675411E-0001
 7.90000000000146E+0000   4.01463908981441E-0001
 7.91999999999825E+0000   8.52090097402652E-0001
 7.94000000000233E+0000   1.13256717044533E+0000
 7.95999999999913E+0000   1.22870827351107E+0000
 7.98000000000320E+0000   1.14979114452763E+0000
 8.00000000000000E+0000   9.27898809522958E-0001
 8.02000000000407E+0000   6.13826074693861E-0001
 8.03999999999360E+0000   2.69961724117820E-0001
 8.05999999999767E+0000  -3.87358501713493E-0002
 8.08000000000175E+0000  -2.54083863743290E-0001
 8.10000000000582E+0000  -3.32684744268136E-0001
 8.11999999999534E+0000  -2.51221777504270E-0001
 8.13999999999942E+0000  -8.31202468702941E-0003
 8.16000000000349E+0000   3.77087637138175E-0001
 8.17999999999302E+0000   8.69941203865892E-0001
 8.19999999999709E+0000   1.42492087688879E+0000
 8.22000000000116E+0000   1.99239731780835E+0000
 8.24000000000524E+0000   2.52368310795282E+0000
 8.25999999999476E+0000   2.97494883546824E+0000
 8.27999999999884E+0000   3.30975529100397E+0000
 8.30000000000291E+0000   3.50061531841493E+0000
 8.32000000000698E+0000   3.52984990269761E+0000
 8.33999999999651E+0000   3.39030632636786E+0000
 8.36000000000058E+0000   3.08571357370965E+0000
 8.38000000000466E+0000   2.63065192067006E+0000
 8.39999999999418E+0000   2.04966128118031E+0000
 8.41999999999825E+0000   1.37529620518035E+0000
 8.44000000000233E+0000   6.45065236402843E-0001
 8.46000000000640E+0000  -1.02290751998112E-0001
 8.47999999999593E+0000  -8.30500336927798E-0001
 8.50000000000000E+0000  -1.50867997198839E+0000
 8.52000000000407E+0000  -2.11281508495449E+0000
 8.53999999999360E+0000  -2.62561196610113E+0000
 8.55999999999767E+0000  -3.03496328437905E+0000
 8.58000000000175E+0000  -3.33183066932907E+0000
 8.60000000000582E+0000  -3.50834302325529E+0000
 8.61999999999534E+0000  -3.55709175781885E+0000
 8.63999999999942E+0000  -3.47183021935780E+0000
 8.66000000000349E+0000  -3.24959859232331E+0000
 8.67999999999302E+0000  -2.89347569673191E+0000
 8.69999999999709E+0000  -2.41502189381572E+0000
 8.72000000000116E+0000  -1.83548834097746E+0000
 8.74000000000524E+0000  -1.18509589190217E+0000
 8.75999999999476E+0000  -5.00420267993832E-0001
 8.77999999999884E+0000   1.79598993925765E-0001
 8.80000000000291E+0000   8.18128382034047E-0001
 8.82000000000698E+0000   1.38427275672075E+0000
 8.83999999999651E+0000   1.85551403253703E+0000
 8.86000000000058E+0000   2.21839460389310E+0000
 8.88000000000466E+0000   2.46763929107692E+0000
 8.89999999999418E+0000   2.60438670412259E+0000
 8.91999999999825E+0000   2.63426689622065E+0000
 8.94000000000233E+0000   2.56601683178815E+0000
 8.96000000000640E+0000   2.41091491283805E+0000
 8.97999999999593E+0000   2.18284149963074E+0000
 9.00000000000000E+0000   1.89849537037117E+0000
 9.02000000000407E+0000   1.57714998416122E+0000
 9.03999999999360E+0000   1.23948719974760E+0000
 9.05999999999767E+0000   9.05477373068607E-0001
 9.08000000000175E+0000   5.91715636144727E-0001
 9.10000000000582E+0000   3.08911302982324E-0001
 9.11999999999534E+0000   6.03717039996354E-0002
 9.13999999999942E+0000  -1.57947600812804E-0001
 9.16000000000349E+0000  -3.55673021937946E-0001
 9.17999999999302E+0000  -5.44957723830521E-0001
 9.19999999999709E+0000  -7.36939699792856E-0001
 9.22000000000116E+0000  -9.38719527941430E-0001
 9.24000000000524E+0000  -1.15171420841034E+0000
 9.25999999999476E+0000  -1.37176604443084E+0000
 9.27999999999884E+0000  -1.59083410303901E+0000
 9.30000000000291E+0000  -1.79964861751068E+0000
 9.32000000000698E+0000  -1.99033376762600E+0000
 9.33999999999651E+0000  -2.15818484246120E+0000
 9.36000000000058E+0000  -2.30206171143436E+0000
 9.38000000000466E+0000  -2.42339387247193E+0000
 9.39999999999418E+0000  -2.52431737588631E+0000
 9.41999999999825E+0000  -2.60572616520221E+0000
 9.44000000000233E+0000  -2.66611871973146E+0000
 9.46000000000640E+0000  -2.70162337662259E+0000
 9.47999999999593E+0000  -2.70738271046866E+0000
 9.50000000000000E+0000  -2.67971491227945E+0000
 9.52000000000407E+0000  -2.61839548319040E+0000
 9.53999999999360E+0000  -2.52803796047010E+0000
 9.55999999999767E+0000  -2.41825376070847E+0000
 9.58000000000175E+0000  -2.30219330947511E+0000
 9.60000000000582E+0000  -2.19399801587133E+0000
 9.61999999999534E+0000  -2.10583172458428E+0000
 9.63999999999942E+0000  -2.04527884805429E+0000
 9.66000000000349E+0000  -2.01386732229003E+0000
 9.67999999999302E+0000  -2.00691287879090E+0000
 9.69999999999709E+0000  -2.01459806087223E+0000
 9.72000000000116E+0000  -2.02377216832974E+0000
 9.74000000000524E+0000  -2.01988119683301E+0000
 9.75999999999476E+0000  -1.98845140515368E+0000
 9.77999999999884E+0000  -1.91601543480465E+0000
 9.80000000000291E+0000  -1.79054239552897E+0000
 9.82000000000698E+0000  -1.60182208321021E+0000
 9.83999999999651E+0000  -1.34222319008950E+0000
 9.86000000000058E+0000  -1.00815403747765E+0000
 9.88000000000466E+0000  -6.02063391652337E-0001
 9.89999999999418E+0000  -1.34578583453731E-0001
 9.91999999999825E+0000   3.73996675787566E-0001
 9.94000000000233E+0000   8.93543403276453E-0001
 9.96000000000640E+0000   1.38593899406987E+0000
 9.97999999999593E+0000   1.80879258517052E+0000
 1.00000000000000E+0001   2.12066666666578E+0000
 1.00200000000041E+0001   2.28689941545235E+0000
 1.00399999999936E+0001   2.28479356384196E+0000
 1.00599999999977E+0001   2.10725113604349E+0000
 1.00800000000017E+0001   1.76416643046105E+0000
 1.01000000000058E+0001   1.28139851485139E+0000
 1.01199999999953E+0001   6.97760798983836E-0001
 1.01399999999994E+0001   6.07514440687851E-0002
 1.01600000000035E+0001  -5.78170463067181E-0001
 1.01799999999930E+0001  -1.16799338104647E+0000
 1.01999999999971E+0001  -1.66187033146707E+0000
 1.02200000000012E+0001  -2.02004240051974E+0000
 1.02400000000052E+0001  -2.21206868489753E+0000
 1.02599999999948E+0001  -2.21859915993991E+0000
 1.02799999999988E+0001  -2.03274330646673E+0000
 1.03000000000029E+0001  -1.66089690244917E+0000
 1.03200000000070E+0001  -1.12273498061950E+0000
 1.03399999999965E+0001  -4.49993955513037E-0001
 1.03600000000006E+0001   3.16210068486726E-0001
 1.03800000000047E+0001   1.12939604550957E+0000
 1.03999999999942E+0001   1.94271348443181E+0000
 1.04199999999983E+0001   2.71409263321402E+0000
 1.04400000000023E+0001   3.41059683451749E+0000
 1.04600000000064E+0001   4.01124920331495E+0000
 1.04799999999959E+0001   4.50774377499329E+0000
 1.05000000000000E+0001   4.90307199546805E+0000
 1.05200000000041E+0001   5.20851892087376E+0000
 1.05399999999936E+0001   5.43978776994481E+0000
 1.05599999999977E+0001   5.61319444444234E+0000
 1.05800000000017E+0001   5.74261297146586E+0000
 1.06000000000058E+0001   5.83770777178142E+0000
 1.06199999999953E+0001   5.90335508026328E+0000
 1.06399999999994E+0001   5.94001745434798E+0000
 1.06600000000035E+0001   5.94453006343247E+0000
 1.06799999999930E+0001   5.91112114321731E+0000
 1.06999999999971E+0001   5.83197596795799E+0000
 1.07200000000012E+0001   5.69787779850594E+0000
 1.07400000000052E+0001   5.49880896958348E+0000
 1.07599999999948E+0001   5.22483238184213E+0000
 1.07799999999988E+0001   4.86759927996900E+0000
 1.08000000000029E+0001   4.42205302028015E+0000
 1.08200000000070E+0001   3.88838955637766E+0000
 1.08399999999965E+0001   3.27343887278403E+0000
 1.08600000000006E+0001   2.59120297290428E+0000
 1.08800000000047E+0001   1.86210335696524E+0000
 1.08999999999942E+0001   1.11102664919235E+0000
 1.09199999999983E+0001   3.64475023983687E-0001
 1.09400000000023E+0001  -3.52501686689266E-0001
 1.09600000000064E+0001  -1.01893302485223E+0000
 1.09799999999959E+0001  -1.61954690346101E+0000
 1.10000000000000E+0001  -2.14510335497835E+0000
 1.10200000000041E+0001  -2.59158402471803E+0000
 1.10399999999936E+0001  -2.95866006729193E+0000
 1.10599999999977E+0001  -3.24802645741875E+0000
 1.10800000000017E+0001  -3.46216316400023E+0000
 1.11000000000058E+0001  -3.60379397253928E+0000
 1.11199999999953E+0001  -3.67605237238604E+0000
 1.11399999999994E+0001  -3.68316341796890E+0000
 1.11600000000035E+0001  -3.63102225208786E+0000
 1.11799999999930E+0001  -3.52746880058476E+0000
 1.11999999999971E+0001  -3.38188775510571E+0000
 1.12200000000012E+0001  -3.20423934725477E+0000
 1.12400000000052E+0001  -3.00390611760668E+0000
 1.12599999999948E+0001  -2.78866351602846E+0000
 1.12799999999988E+0001  -2.56426407885738E+0000
 1.13000000000029E+0001  -2.33478824272970E+0000
 1.13200000000070E+0001  -2.10369973077468E+0000
 1.13399999999965E+0001  -1.87514907197328E+0000
 1.13600000000006E+0001  -1.65516536720315E+0000
 1.13800000000047E+0001  -1.45214348481022E+0000
 1.13999999999942E+0001  -1.27643118212291E+0000
 1.14199999999983E+0001  -1.13906002418480E+0000
 1.14400000000023E+0001  -1.04989957958605E+0000
 1.14600000000064E+0001  -1.01578679464728E+0000
 1.14799999999959E+0001  -1.03916179276530E+0000
 1.15000000000000E+0001  -1.11750879917236E+0000
 1.15200000000041E+0001  -1.24377635168639E+0000
 1.15399999999936E+0001  -1.40745852934015E+0000
 1.15599999999977E+0001  -1.59604908139772E+0000
 1.15800000000017E+0001  -1.79634221564265E+0000
 1.16000000000058E+0001  -1.99527965927518E+0000
 1.16199999999953E+0001  -2.18028901319849E+0000
 1.16399999999994E+0001  -2.33917321223998E+0000
 1.16600000000035E+0001  -2.45997100383829E+0000
 1.16799999999930E+0001  -2.53110679631573E+0000
 1.16999999999971E+0001  -2.54200956450950E+0000
 1.17200000000012E+0001  -2.48428002600485E+0000
 1.17400000000052E+0001  -2.35313437981313E+0000
 1.17599999999948E+0001  -2.14865615889357E+0000
 1.17799999999988E+0001  -1.87651740237561E+0000
 1.18000000000029E+0001  -1.54781376109713E+0000
 1.18200000000070E+0001  -1.17794043590220E+0000
 1.18399999999965E+0001  -7.84794280888491E-0001
 1.18600000000006E+0001  -3.86647946278117E-0001
 1.18800000000047E+0001  -2.55882034632116E-0004
 1.18999999999942E+0001   3.60479191676859E-0001
 1.19199999999983E+0001   6.85036153723559E-0001
 1.19400000000023E+0001   9.66131750020395E-0001
 1.19600000000064E+0001   1.19914944656739E+0000
 1.19799999999959E+0001   1.38149842992425E+0000
 1.20000000000000E+0001   1.51226636904721E+0000
 1.20200000000041E+0001   1.59219703272174E+0000
 1.20399999999936E+0001   1.62399788403854E+0000
 1.20599999999977E+0001   1.61264757561366E+0000
 1.20800000000017E+0001   1.56543923446952E+0000
 1.21000000000058E+0001   1.49149547422167E+0000
 1.21199999999953E+0001   1.40071605374760E+0000
 1.21399999999994E+0001   1.30235937867656E+0000
 1.21600000000035E+0001   1.20361254699310E+0000
 1.21799999999930E+0001   1.10852001720195E+0000
 1.21999999999971E+0001   1.01766881342701E+0000
 1.22200000000012E+0001   9.28673719897233E-0001
 1.22400000000052E+0001   8.37358971365575E-0001
 1.22599999999948E+0001   7.39278431600724E-0001
 1.22799999999988E+0001   6.31140937645796E-0001
 1.23000000000029E+0001   5.11754742547964E-0001
 1.23200000000070E+0001   3.82314326298456E-0001
 1.23399999999965E+0001   2.46043161997704E-0001
 1.23600000000006E+0001   1.07469226768330E-0001
 1.23800000000047E+0001  -2.83279050311194E-0002
 1.23999999999942E+0001  -1.56186059907895E-0001
 1.24199999999983E+0001  -2.70899231270505E-0001
 1.24400000000023E+0001  -3.66902130225299E-0001
 1.24600000000064E+0001  -4.37877350378130E-0001
 1.24799999999959E+0001  -4.76607715201226E-0001
 1.25000000000000E+0001  -4.75392380952144E-0001
 1.25200000000041E+0001  -4.27122366118965E-0001
 1.25399999999936E+0001  -3.26826061365864E-0001
 1.25599999999977E+0001  -1.73390677130783E-0001
 1.25800000000017E+0001   2.91119501854951E-0002
 1.26000000000058E+0001   2.70856575963535E-0001
 1.26199999999953E+0001   5.36752886574504E-0001
 1.26399999999994E+0001   8.07909508740522E-0001
 1.26600000000035E+0001   1.06383058752726E+0000
 1.26799999999930E+0001   1.28478340468791E+0000
 1.26999999999971E+0001   1.45391685414324E+0000
 1.27200000000012E+0001   1.55866324123963E+0000
 1.27400000000052E+0001   1.59136717874026E+0000
 1.27599999999948E+0001   1.54913373264935E+0000
 1.27799999999988E+0001   1.43328116849261E+0000
 1.28000000000029E+0001   1.24867420014925E+0000
 1.28200000000070E+0001   1.00322505757322E+0000
 1.28399999999965E+0001   7.07652332739599E-0001
 1.28600000000006E+0001   3.75378665852168E-0001
 1.28800000000047E+0001   2.23342021591009E-0002
 1.28999999999942E+0001  -3.33611018826105E-0001
 1.29199999999983E+0001  -6.73744102904493E-0001
 1.29400000000023E+0001  -9.80104143666722E-0001
 1.29600000000064E+0001  -1.23733787110541E+0000
 1.29799999999959E+0001  -1.43441099860684E+0000
 1.30000000000000E+0001  -1.56579487179442E+0000
 1.30200000000041E+0001  -1.63179494916221E+0000
 1.30399999999936E+0001  -1.63795738387489E+0000
 1.30599999999977E+0001  -1.59374042879062E+0000
 1.30800000000017E+0001  -1.51072793796266E+0000
 1.31000000000058E+0001  -1.40091921119529E+0000
 1.31199999999953E+0001  -1.27538472706328E+0000
 1.31399999999994E+0001  -1.14352350148511E+0000
 1.31600000000035E+0001  -1.01289034230649E+0000
 1.31799999999930E+0001  -8.89412168509807E-0001
 1.31999999999971E+0001  -7.77689393938999E-0001
 1.32200000000012E+0001  -6.81133834017601E-0001
 1.32400000000052E+0001  -6.01860343835142E-0001
 1.32599999999948E+0001  -5.40360823817537E-0001
 1.32799999999988E+0001  -4.95212098393495E-0001
 1.33000000000029E+0001  -4.63041084854922E-0001
 1.33200000000070E+0001  -4.38968030530305E-0001
 1.33399999999965E+0001  -4.17543728136025E-0001
 1.33600000000006E+0001  -3.93996738665464E-0001
 1.33800000000047E+0001  -3.65486956367022E-0001
 1.33999999999942E+0001  -3.31963530561552E-0001
 1.34199999999983E+0001  -2.96325358384820E-0001
 1.34400000000023E+0001  -2.63784987953386E-0001
 1.34600000000064E+0001  -2.40550882685739E-0001
 1.34799999999959E+0001  -2.32173325561689E-0001
 1.35000000000000E+0001  -2.41992504409154E-0001
 1.35200000000041E+0001  -2.70110858692533E-0001
 1.35399999999936E+0001  -3.13126099036253E-0001
 1.35599999999977E+0001  -3.64658177061301E-0001
 1.35800000000017E+0001  -4.16468239357982E-0001
 1.36000000000058E+0001  -4.59800420167539E-0001
 1.36199999999953E+0001  -4.86604957695363E-0001
 1.36399999999994E+0001  -4.90351382488370E-0001
 1.36600000000035E+0001  -4.66366433102849E-0001
 1.36799999999930E+0001  -4.11782015803510E-0001
 1.36999999999971E+0001  -3.25341284324168E-0001
 1.37200000000012E+0001  -2.07299953144684E-0001
 1.37400000000052E+0001  -5.95726329104878E-0002
 1.37599999999948E+0001   1.13858838593615E-0001
 1.37799999999988E+0001   3.06484898749204E-0001
 1.38000000000029E+0001   5.08998015872749E-0001
 1.38200000000070E+0001   7.09506150506058E-0001
 1.38399999999965E+0001   8.94389536883864E-0001
 1.38600000000006E+0001   1.04974747474807E+0000
 1.38800000000047E+0001   1.16321788801906E+0000
 1.38999999999942E+0001   1.22580507022940E+0000
 1.39199999999983E+0001   1.23330168992834E+0000
 1.39400000000023E+0001   1.18700040992007E+0000
 1.39600000000064E+0001   1.09359010437947E+0000
 1.39799999999959E+0001   9.64289546291184E-0001
 1.40000000000000E+0001   8.13485969387330E-0001
 1.40200000000041E+0001   6.57199748658059E-0001
 1.40399999999936E+0001   5.11646147062493E-0001
 1.40599999999977E+0001   3.92107803292220E-0001
 1.40800000000017E+0001   3.12108740868553E-0001
 1.41000000000058E+0001   2.82796057075302E-0001
 1.41199999999953E+0001   3.12409070214471E-0001
 1.41399999999994E+0001   4.05711717855411E-0001
 1.41600000000035E+0001   5.63391596045221E-0001
 1.41799999999930E+0001   7.81574064746565E-0001
 1.41999999999971E+0001   1.05164361167044E+0000
 1.42200000000012E+0001   1.36054684883675E+0000
 1.42400000000052E+0001   1.69176489767233E+0000
 1.42599999999948E+0001   2.02682161223856E+0000
 1.42799999999988E+0001   2.34714219021043E+0000
 1.43000000000029E+0001   2.63591908091985E+0000
 1.43200000000070E+0001   2.87960020949322E+0000
 1.43399999999965E+0001   3.06871471740669E+0000
 1.43600000000006E+0001   3.19795894681010E+0000
 1.43800000000047E+0001   3.26560244055872E+0000
 1.43999999999942E+0001   3.27247230489593E+0000
 1.44199999999983E+0001   3.22089896638499E+0000
 1.44400000000023E+0001   3.11389740799132E+0000
 1.44600000000064E+0001   2.95474461568665E+0000
 1.44799999999959E+0001   2.74699832281112E+0000
 1.45000000000000E+0001   2.49480623973795E+0000
 1.45200000000041E+0001   2.20319141085929E+0000
 1.45399999999936E+0001   1.87822632147800E+0000
 1.45599999999977E+0001   1.52685071624910E+0000
 1.45800000000017E+0001   1.15644351361880E+0000
 1.46000000000058E+0001   7.74272667971672E-0001
 1.46199999999953E+0001   3.87012491043151E-0001
 1.46399999999994E+0001   5.71828649492900E-0004
 1.46600000000035E+0001  -3.79761092704484E-0001
 1.46799999999930E+0001  -7.48876427274809E-0001
 1.46999999999971E+0001  -1.10133948817747E+0000
 1.47200000000012E+0001  -1.43105387875221E+0000
 1.47400000000052E+0001  -1.73131986172848E+0000
 1.47599999999948E+0001  -1.99535585236845E+0000
 1.47799999999988E+0001  -2.21717209549388E+0000
 1.48000000000029E+0001  -2.39262709137620E+0000
 1.48200000000070E+0001  -2.52027223507321E+0000
 1.48399999999965E+0001  -2.60174279617422E+0000
 1.48600000000006E+0001  -2.64157013074146E+0000
 1.48800000000047E+0001  -2.64640616999168E+0000
 1.48999999999942E+0001  -2.62386665068698E+0000
 1.49199999999983E+0001  -2.58129428379834E+0000
 1.49400000000023E+0001  -2.52481792248363E+0000
 1.49600000000064E+0001  -2.45885496243864E+0000
 1.49799999999959E+0001  -2.38608024985660E+0000
 1.50000000000000E+0001  -2.30787857142786E+0000
 1.50200000000041E+0001  -2.22488665905621E+0000
 1.50399999999936E+0001  -2.13748377343290E+0000
 1.50599999999977E+0001  -2.04600249794385E+0000
 1.50800000000017E+0001  -1.95064378868119E+0000
 1.51000000000058E+0001  -1.85114750867251E+0000
 1.51199999999953E+0001  -1.74649234693970E+0000
 1.51399999999994E+0001  -1.63477700194926E+0000
 1.51600000000035E+0001  -1.51346588767592E+0000
 1.51799999999930E+0001  -1.37995914110070E+0000
 1.51999999999971E+0001  -1.23237390350914E+0000
 1.52200000000012E+0001  -1.07030223390211E+0000
 1.52400000000052E+0001  -8.95228721409694E-0001
 1.52599999999948E+0001  -7.10545387880302E-0001
 1.52799999999988E+0001  -5.21055378958408E-0001
 1.53000000000029E+0001  -3.32159663865696E-0001
 1.53200000000070E+0001  -1.48977643603075E-0001
 1.53399999999965E+0001   2.43290417209892E-0002
 1.53600000000006E+0001   1.84810577876988E-0001
 1.53800000000047E+0001   3.30506339401381E-0001
 1.53999999999942E+0001   4.59866651206084E-0001
 1.54199999999983E+0001   5.71051046877983E-0001
 1.54400000000023E+0001   6.61401662347998E-0001
 1.54600000000064E+0001   7.27310494055018E-0001
 1.54799999999959E+0001   7.64584486895728E-0001
 1.55000000000000E+0001   7.69211597542380E-0001
 1.55200000000041E+0001   7.38321520618229E-0001
 1.55399999999936E+0001   6.71034044248700E-0001
 1.55599999999977E+0001   5.68984116783213E-0001
 1.55800000000017E+0001   4.36337413656020E-0001
 1.56000000000058E+0001   2.79373435591879E-0001
 1.56199999999953E+0001   1.05760014633233E-0001
 1.56399999999994E+0001  -7.62204664474666E-0002
 1.56600000000035E+0001  -2.58287683208437E-0001
 1.56799999999930E+0001  -4.32506909013682E-0001
 1.56999999999971E+0001  -5.91367531088508E-0001
 1.57200000000012E+0001  -7.27745971161312E-0001
 1.57400000000052E+0001  -8.34939417316491E-0001
 1.57599999999948E+0001  -9.06919265167744E-0001
 1.57799999999988E+0001  -9.38898696361321E-0001
 1.58000000000029E+0001  -9.28083559373590E-0001
 1.58200000000070E+0001  -8.74417178375552E-0001
 1.58399999999965E+0001  -7.81095553751584E-0001
 1.58600000000006E+0001  -6.54560739805675E-0001
 1.58800000000047E+0001  -5.03943639798308E-0001
 1.58999999999942E+0001  -3.39997454327658E-0001
 1.59199999999983E+0001  -1.73732613962557E-0001
 1.59400000000023E+0001  -1.50932888211628E-0002
 1.59600000000064E+0001   1.28065252416718E-0001
 1.59799999999959E+0001   2.50468591691970E-0001
 1.60000000000000E+0001   3.49382775297272E-0001
 1.60199999999895E+0001   4.24153216217746E-0001
 1.60400000000081E+0001   4.75557386295804E-0001
 1.60599999999977E+0001   5.05231497953901E-0001
 1.60799999999872E+0001   5.15343298389780E-0001
 1.61000000000058E+0001   5.08567361726818E-0001
 1.61199999999953E+0001   4.88249955689753E-0001
 1.61400000000140E+0001   4.58608086976710E-0001
 1.61600000000035E+0001   4.24727059759334E-0001
 1.61799999999930E+0001   3.92244982047032E-0001
 1.62000000000116E+0001   3.66715865667175E-0001
 1.62200000000012E+0001   3.52785398684773E-0001
 1.62399999999907E+0001   3.53406162033934E-0001
 1.62600000000093E+0001   3.69330229016214E-0001
 1.62799999999988E+0001   3.99058514683475E-0001
 1.62999999999884E+0001   4.39255404615778E-0001
 1.63200000000070E+0001   4.85537756769190E-0001
 1.63399999999965E+0001   5.33372675875398E-0001
 1.63599999999860E+0001   5.78865773082725E-0001
 1.63800000000047E+0001   6.19190069190154E-0001
 1.63999999999942E+0001   6.52620136469523E-0001
 1.64200000000128E+0001   6.78210008120004E-0001
 1.64400000000023E+0001   6.95302181091392E-0001
 1.64599999999919E+0001   7.03111438986525E-0001
 1.64800000000105E+0001   7.00543949375060E-0001
 1.65000000000000E+0001   6.86356421357232E-0001
 1.65199999999895E+0001   6.59557679004138E-0001
 1.65400000000081E+0001   6.19926800828580E-0001
 1.65599999999977E+0001   5.68389118932828E-0001
 1.65799999999872E+0001   5.07108033201803E-0001
 1.66000000000058E+0001   4.39206827308681E-0001
 1.66199999999953E+0001   3.68193083491406E-0001
 1.66400000000140E+0001   2.97253534226002E-0001
 1.66600000000035E+0001   2.28657820271110E-0001
 1.66799999999930E+0001   1.63446778291700E-0001
 1.67000000000116E+0001   1.01499679212907E-0001
 1.67200000000012E+0001   4.19341322055402E-0002
 1.67399999999907E+0001  -1.63272138305786E-0002
 1.67600000000093E+0001  -7.40368578815378E-0002
 1.67799999999988E+0001  -1.31337973210748E-0001
 1.67999999999884E+0001  -1.87803819444753E-0001
 1.68200000000070E+0001  -2.42767963308779E-0001
 1.68399999999965E+0001  -2.95779429645791E-0001
 1.68599999999860E+0001  -3.46976536462989E-0001
 1.68800000000047E+0001  -3.97195539945642E-0001
 1.68999999999942E+0001  -4.47711679346867E-0001
 1.69200000000128E+0001  -4.99668960373583E-0001
 1.69400000000023E+0001  -5.53374304266981E-0001
 1.69599999999919E+0001  -6.07666498203798E-0001
 1.69800000000105E+0001  -6.59619510347511E-0001
 1.70000000000000E+0001  -7.04671918767417E-0001
 1.70199999999895E+0001  -7.37192238822900E-0001
 1.70400000000081E+0001  -7.51331251396550E-0001
 1.70599999999977E+0001  -7.41926952492577E-0001
 1.70799999999872E+0001  -7.05221924835314E-0001
 1.71000000000058E+0001  -6.39244291283831E-0001
 1.71199999999953E+0001  -5.43802500556012E-0001
 1.71400000000140E+0001  -4.20187392342541E-0001
 1.71600000000035E+0001  -2.70763819513832E-0001
 1.71799999999930E+0001  -9.86395102279403E-0002
 1.72000000000116E+0001   9.24545611849226E-0002
 1.72200000000012E+0001   2.98052340855065E-0001
 1.72399999999907E+0001   5.12711302619209E-0001
 1.72600000000093E+0001   7.29815014070482E-0001
 1.72799999999988E+0001   9.41606040563784E-0001
 1.72999999999884E+0001   1.13956509771560E+0000
 1.73200000000070E+0001   1.31513526888739E+0000
 1.73399999999965E+0001   1.46065970505879E+0000
 1.73599999999860E+0001   1.57032312925367E+0000
 1.73800000000047E+0001   1.64083990903418E+0000
 1.73999999999942E+0001   1.67169745484534E+0000
 1.74200000000128E+0001   1.66497457766127E+0000
 1.74400000000023E+0001   1.62468292649646E+0000
 1.74599999999919E+0001   1.55594010800269E+0000
 1.74800000000105E+0001   1.46412702952875E+0000
 1.75000000000000E+0001   1.35427346938741E+0000
 1.75199999999895E+0001   1.23074853229082E+0000
 1.75400000000081E+0001   1.09722165662060E+0000
 1.75599999999977E+0001   9.56844560148056E-0001
 1.75799999999872E+0001   8.12397746357419E-0001
 1.76000000000058E+0001   6.66347402597239E-0001
 1.76199999999953E+0001   5.20707664451038E-0001
 1.76400000000140E+0001   3.76778965554422E-0001
 1.76600000000035E+0001   2.34883749932351E-0001
 1.76799999999930E+0001   9.42671299289941E-0002
 1.77000000000116E+0001  -4.67164716168895E-0002
 1.77200000000012E+0001  -1.90101815274829E-0001
 1.77399999999907E+0001  -3.37592271971062E-0001
 1.77600000000093E+0001  -4.89788449163370E-0001
 1.77799999999988E+0001  -6.45597648507646E-0001
 1.77999999999884E+0001  -8.01987693954288E-0001
 1.78200000000070E+0001  -9.54192720859282E-0001
 1.78399999999965E+0001  -1.09629043882160E+0000
 1.78599999999860E+0001  -1.22202147656390E+0000
 1.78800000000047E+0001  -1.32563019335248E+0000
 1.78999999999942E+0001  -1.40249201915503E+0000
 1.79200000000128E+0001  -1.44945325786466E+0000
 1.79400000000023E+0001  -1.46483184689714E+0000
 1.79599999999919E+0001  -1.44819473167809E+0000
 1.79800000000105E+0001  -1.40006720430029E+0000
 1.80000000000000E+0001  -1.32174041005237E+0000
 1.80199999999895E+0001  -1.21524826911991E+0000
 1.80400000000081E+0001  -1.08352701668264E+0000
 1.80599999999977E+0001  -9.30641248747634E-0001
 1.80799999999872E+0001  -7.61918589339075E-0001
 1.81000000000058E+0001  -5.83850631412133E-0001
 1.81199999999953E+0001  -4.03695929254809E-0001
 1.81400000000140E+0001  -2.28810901979159E-0001
 1.81600000000035E+0001  -6.58571625235709E-0002
 1.81799999999930E+0001   7.99252514538011E-0002
 1.82000000000116E+0001   2.05179519884723E-0001
 1.82200000000012E+0001   3.08521542261133E-0001
 1.82399999999907E+0001   3.90244491437443E-0001
 1.82600000000093E+0001   4.51751812444400E-0001
 1.82799999999988E+0001   4.94910844534843E-0001
 1.82999999999884E+0001   5.21511839709092E-0001
 1.83200000000070E+0001   5.32986327718390E-0001
 1.83399999999965E+0001   5.30409396583309E-0001
 1.83599999999860E+0001   5.14735709099114E-0001
 1.83800000000047E+0001   4.87110407274940E-0001
 1.83999999999942E+0001   4.49096467391428E-0001
 1.84200000000128E+0001   4.02701838063876E-0001
 1.84400000000023E+0001   3.50186576799842E-0001
 1.84599999999919E+0001   2.93711112831261E-0001
 1.84800000000105E+0001   2.34974103277636E-0001
 1.85000000000000E+0001   1.74996364221442E-0001
 1.85199999999895E+0001   1.14146193304691E-0001
 1.85400000000081E+0001   5.24277944726919E-0002
 1.85599999999977E+0001  -1.00647513854710E-0002
 1.85799999999872E+0001  -7.26767773847996E-0002
 1.86000000000058E+0001  -1.33897145417222E-0001
 1.86199999999953E+0001  -1.91348364533724E-0001
 1.86400000000140E+0001  -2.42099395820560E-0001
 1.86600000000035E+0001  -2.83208830960120E-0001
 1.86799999999930E+0001  -3.12346633782454E-0001
 1.87000000000116E+0001  -3.28286223580108E-0001
 1.87200000000012E+0001  -3.31130761599525E-0001
 1.87399999999907E+0001  -3.22204540834719E-0001
 1.87600000000093E+0001  -3.03663316072743E-0001
 1.87799999999988E+0001  -2.77973559764632E-0001
 1.87999999999884E+0001  -2.47428191489462E-0001
 1.88200000000070E+0001  -2.13856269925600E-0001
 1.88399999999965E+0001  -1.78598473359671E-0001
 1.88599999999860E+0001  -1.42709501085847E-0001
 1.88800000000047E+0001  -1.07267768865995E-0001
 1.88999999999942E+0001  -7.36298185942132E-0002
 1.89200000000128E+0001  -4.35032215846149E-0002
 1.89400000000023E+0001  -1.87638532709968E-0002
 1.89599999999919E+0001  -1.07766193239023E-0003
 1.89800000000105E+0001   8.55509558932965E-0003
 1.90000000000000E+0001   1.01548590225491E-0002
 1.90199999999895E+0001   4.88096489910106E-0003
 1.90400000000081E+0001  -5.16480654761153E-0003
 1.90599999999977E+0001  -1.73978944935698E-0002
 1.90799999999872E+0001  -2.93496618249094E-0002
 1.91000000000058E+0001  -3.92167788581332E-0002
 1.91199999999953E+0001  -4.61939318091709E-0002
 1.91400000000140E+0001  -5.05018783897526E-0002
 1.91600000000035E+0001  -5.31179167908817E-0002
 1.91799999999930E+0001  -5.53238740752136E-0002
 1.92000000000116E+0001  -5.82412574404430E-0002
 1.92200000000012E+0001  -6.25192321986106E-0002
 1.92399999999907E+0001  -6.82779242154083E-0002
 1.92600000000093E+0001  -7.53077560202655E-0002
 1.92799999999988E+0001  -8.34295964236844E-0002
 1.92999999999884E+0001  -9.28607821367677E-0002
 1.93200000000070E+0001  -1.04421891945208E-0001
 1.93399999999965E+0001  -1.19489184763893E-0001
 1.93599999999860E+0001  -1.39679413862723E-0001
 1.93800000000047E+0001  -1.66370306894805E-0001
 1.93999999999942E+0001  -2.00202288905302E-0001
 1.94200000000128E+0001  -2.40736507527572E-0001
 1.94400000000023E+0001  -2.86382765040344E-0001
 1.94599999999919E+0001  -3.34610984682058E-0001
 1.94800000000105E+0001  -3.82389447051992E-0001
 1.95000000000000E+0001  -4.26683760683773E-0001
 1.95199999999895E+0001  -4.64871194379612E-0001
 1.95400000000081E+0001  -4.94945654822914E-0001
 1.95599999999977E+0001  -5.15478624987736E-0001
 1.95799999999872E+0001  -5.25408276181224E-0001
 1.96000000000058E+0001  -5.23767917880832E-0001
 1.96199999999953E+0001  -5.09509853890449E-0001
 1.96400000000140E+0001  -4.81527009988895E-0001
 1.96600000000035E+0001  -4.38897870948949E-0001
 1.96799999999930E+0001  -3.81278733546424E-0001
 1.97000000000116E+0001  -3.09314720811926E-0001
 1.97200000000012E+0001  -2.24898338645971E-0001
 1.97399999999907E+0001  -1.31176032469739E-0001
 1.97600000000093E+0001  -3.22600973587441E-0002
 1.97799999999988E+0001   6.72888680244341E-0002
 1.97999999999884E+0001   1.63067340067528E-0001
 1.98200000000070E+0001   2.51345892796962E-0001
 1.98399999999965E+0001   3.29373679915534E-0001
 1.98599999999860E+0001   3.95398443869453E-0001
 1.98800000000047E+0001   4.48449027498555E-0001
 1.98999999999942E+0001   4.87990248863298E-0001
 1.99200000000128E+0001   5.13616071428260E-0001
 1.99400000000023E+0001   5.24894624349145E-0001
 1.99599999999919E+0001   5.21444376849104E-0001
 1.99800000000105E+0001   5.03192776109245E-0001
 2.00000000000000E+0001   4.70713690476259E-0001
 2.00199999999895E+0001   4.25509014795352E-0001
 2.00400000000081E+0001   3.70080969014452E-0001
 2.00599999999977E+0001   3.07759459716181E-0001
 2.00799999999872E+0001   2.42305569389373E-0001
 2.01000000000058E+0001   1.77395966595441E-0001
 2.01199999999953E+0001   1.16161956830524E-0001
 2.01400000000140E+0001   6.08938324584756E-0002
 2.01600000000035E+0001   1.30078626936836E-0002
 2.01799999999930E+0001  -2.67518700741221E-0002
 2.02000000000116E+0001  -5.79749233851885E-0002
 2.02200000000012E+0001  -8.02473093589242E-0002
 2.02399999999907E+0001  -9.29593979390120E-0002
 2.02600000000093E+0001  -9.53320229867813E-0002
 2.02799999999988E+0001  -8.66528423499631E-0002
 2.02999999999884E+0001  -6.66345883181521E-0002
 2.03200000000070E+0001  -3.57475042182500E-0002
 2.03399999999965E+0001   4.60285854754972E-0003
 2.03599999999860E+0001   5.21403721115234E-0002
 2.03800000000047E+0001   1.04022501051418E-0001
 2.03999999999942E+0001   1.57293621615281E-0001
 2.04200000000128E+0001   2.09353633225874E-0001
 2.04400000000023E+0001   2.58292796570913E-0001
 2.04599999999919E+0001   3.03003537680979E-0001
 2.04800000000105E+0001   3.43053327288089E-0001
 2.05000000000000E+0001   3.78388792102214E-0001
 2.05199999999895E+0001   4.09005441845693E-0001
 2.05400000000081E+0001   4.34699714841827E-0001
 2.05599999999977E+0001   4.55010306651729E-0001
 2.05799999999872E+0001   4.69364905826751E-0001
 2.06000000000058E+0001   4.77355235783762E-0001
 2.06199999999953E+0001   4.79032723661931E-0001
 2.06400000000140E+0001   4.75086805554838E-0001
 2.06600000000035E+0001   4.66831754482882E-0001
 2.06799999999930E+0001   4.55968787418442E-0001
 2.07000000000116E+0001   4.44213825626775E-0001
 2.07200000000012E+0001   4.32892650303074E-0001
 2.07399999999907E+0001   4.22661523625720E-0001
 2.07600000000093E+0001   4.13437012569830E-0001
 2.07799999999988E+0001   4.04555376048393E-0001
 2.07999999999884E+0001   3.95117616758398E-0001
 2.08200000000070E+0001   3.84380003201841E-0001
 2.08399999999965E+0001   3.72058655515957E-0001
 2.08599999999860E+0001   3.58452038533414E-0001
 2.08800000000047E+0001   3.44323287265070E-0001
 2.08999999999942E+0001   3.30619446343007E-0001
 2.09200000000128E+0001   3.18119195574582E-0001
 2.09400000000023E+0001   3.07152521944772E-0001
 2.09599999999919E+0001   2.97490969192950E-0001
 2.09800000000105E+0001   2.88459530618638E-0001
 2.10000000000000E+0001   2.79203854875504E-0001
 2.10199999999895E+0001   2.69028816093851E-0001
 2.10400000000081E+0001   2.57657579667011E-0001
 2.10599999999977E+0001   2.45314436078388E-0001
 2.10799999999872E+0001   2.32589511611422E-0001
 2.11000000000058E+0001   2.20129175129614E-0001
 2.11199999999953E+0001   2.08258167613621E-0001
 2.11400000000140E+0001   1.96679393611703E-0001
 2.11600000000035E+0001   1.84357052839914E-0001
 2.11799999999930E+0001   1.69642323171047E-0001
 2.12000000000116E+0001   1.50599028526358E-0001
 2.12200000000012E+0001   1.25433356895883E-0001
 2.12399999999907E+0001   9.28801789077625E-0002
 2.12600000000093E+0001   5.24249652823983E-0002
 2.12799999999988E+0001   4.29922182689069E-0003
 2.12999999999884E+0001  -5.07340990387206E-0002
 2.13200000000070E+0001  -1.11710136915917E-0001
 2.13399999999965E+0001  -1.77777424465603E-0001
 2.13599999999860E+0001  -2.48373796147689E-0001
 2.13800000000047E+0001  -3.23200922090109E-0001
 2.13999999999942E+0001  -4.02005173564703E-0001
 2.14200000000128E+0001  -4.84257869814428E-0001
 2.14400000000023E+0001  -5.68859663734656E-0001
 2.14599999999919E+0001  -6.53993864554650E-0001
 2.14800000000105E+0001  -7.37197115809977E-0001
 2.15000000000000E+0001  -8.15651439645990E-0001
 2.15199999999895E+0001  -8.86586121438086E-0001
 2.15400000000081E+0001  -9.47699462792116E-0001
 2.15599999999977E+0001  -9.97434899283689E-0001
 2.15799999999872E+0001  -1.03505367624348E+0000
 2.16000000000058E+0001  -1.06049107142826E+0000
 2.16199999999953E+0001  -1.07405896216187E+0000
 2.16400000000140E+0001  -1.07613216266145E+0000
 2.16600000000035E+0001  -1.06693075891417E+0000
 2.16799999999930E+0001  -1.04647881523488E+0000
 2.17000000000116E+0001  -1.01475971033506E+0000
 2.17200000000012E+0001  -9.71977220906410E-0001
 2.17399999999907E+0001  -9.18852400666765E-0001
 2.17600000000093E+0001  -8.56761532738346E-0001
 2.17799999999988E+0001  -7.87707158162448E-0001
 2.17999999999884E+0001  -7.14052806903055E-0001
 2.18200000000070E+0001  -6.38124154335856E-0001
 2.18399999999965E+0001  -5.61782389238033E-0001
 2.18599999999860E+0001  -4.86103123774683E-0001
 2.18800000000047E+0001  -4.11271709323501E-0001
 2.18999999999942E+0001  -3.36716133941991E-0001
 2.19200000000128E+0001  -2.61429304614012E-0001
 2.19400000000023E+0001  -1.84370740547820E-0001
 2.19599999999919E+0001  -1.04821238832528E-0001
 2.19800000000105E+0001  -2.25879587503641E-0002
 2.20000000000000E+0001   6.19833062770567E-0002
 2.20199999999895E+0001   1.48153869858561E-0001
 2.20400000000081E+0001   2.35004132097401E-0001
 2.20599999999977E+0001   3.21606117515330E-0001
 2.20799999999872E+0001   4.07067374051167E-0001
 2.21000000000058E+0001   4.90421784098089E-0001
 2.21199999999953E+0001   5.70416774304249E-0001
 2.21400000000140E+0001   6.45286219727495E-0001
 2.21600000000035E+0001   7.12634036014606E-0001
 2.21799999999930E+0001   7.69514309330589E-0001
 2.22000000000116E+0001   8.12730587729675E-0001
 2.22200000000012E+0001   8.39295090223459E-0001
 2.22399999999907E+0001   8.46951010620614E-0001
 2.22600000000093E+0001   8.34587986137194E-0001
 2.22799999999988E+0001   8.02460566811533E-0001
 2.22999999999884E+0001   7.52148996370124E-0001
 2.23200000000070E+0001   6.86266054361113E-0001
 2.23399999999965E+0001   6.08047171420367E-0001
 2.23599999999860E+0001   5.20921713945427E-0001
 2.23800000000047E+0001   4.28197210519556E-0001
 2.23999999999942E+0001   3.32927030186966E-0001
 2.24200000000128E+0001   2.37943216091026E-0001
 2.24400000000023E+0001   1.45991294245050E-0001
 2.24599999999919E+0001   5.98448299623442E-0002
 2.24800000000105E+0001  -1.76910878452645E-0002
 2.25000000000000E+0001  -8.39421428571541E-0002
 2.25199999999895E+0001  -1.36674913304660E-0001
 2.25400000000081E+0001  -1.74458792834002E-0001
 2.25599999999977E+0001  -1.96967504643908E-0001
 2.25799999999872E+0001  -2.05093371715520E-0001
 2.26000000000058E+0001  -2.00828355457134E-0001
 2.26199999999953E+0001  -1.86908788050914E-0001
 2.26400000000140E+0001  -1.66327927814109E-0001
 2.26600000000035E+0001  -1.41839196402316E-0001
 2.26799999999930E+0001  -1.15588283152761E-0001
 2.27000000000116E+0001  -8.89594608768220E-0002
 2.27200000000012E+0001  -6.26549138581822E-0002
 2.27399999999907E+0001  -3.69435806424576E-0002
 2.27600000000093E+0001  -1.19697202694766E-0002
 2.27799999999988E+0001   1.19994460470849E-0002
 2.27999999999884E+0001   3.44747023809759E-0002
 2.28200000000070E+0001   5.48146988857070E-0002
 2.28399999999965E+0001   7.24211908932375E-0002
 2.28599999999860E+0001   8.69600674916455E-0002
 2.28800000000047E+0001   9.85061032716885E-0002
 2.28999999999942E+0001   1.07537351840392E-0001
 2.29200000000128E+0001   1.14764216113940E-0001
 2.29400000000023E+0001   1.20851756134016E-0001
 2.29599999999919E+0001   1.26129733905827E-0001
 2.29800000000105E+0001   1.30408766422079E-0001
 2.30000000000000E+0001   1.32972334368560E-0001
 2.30199999999895E+0001   1.32759893053844E-0001
 2.30400000000081E+0001   1.28691251240070E-0001
 2.30599999999977E+0001   1.20016468426115E-0001
 2.30799999999872E+0001   1.06578335190306E-0001
 2.31000000000058E+0001   8.88944805194569E-0002
 2.31199999999953E+0001   6.80317494645806E-0002
 2.31400000000140E+0001   4.53182234431893E-0002
 2.31600000000035E+0001   2.19958415576968E-0002
 2.31799999999930E+0001  -1.06981516290716E-0003
 2.32000000000116E+0001  -2.35221803160641E-0002
 2.32200000000012E+0001  -4.54531448668831E-0002
 2.32399999999907E+0001  -6.71782282190634E-0002
 2.32600000000093E+0001  -8.89455891986017E-0002
 2.32799999999988E+0001  -1.10683143102733E-0001
 2.32999999999884E+0001  -1.31892652769466E-0001
 2.33200000000070E+0001  -1.51719094584678E-0001
 2.33399999999965E+0001  -1.69176485289881E-0001
 2.33599999999860E+0001  -1.83442239481565E-0001
 2.33800000000047E+0001  -1.94106302700675E-0001
 2.33999999999942E+0001  -2.01282992470396E-0001
 2.34200000000128E+0001  -2.05534926395785E-0001
 2.34400000000023E+0001  -2.07644517917970E-0001
 2.34599999999919E+0001  -2.08306996711826E-0001
 2.34800000000105E+0001  -2.07868576093006E-0001
 2.35000000000000E+0001  -2.06200557244074E-0001
 2.35199999999895E+0001  -2.02767933066070E-0001
 2.35400000000081E+0001  -1.96865290083679E-0001
 2.35599999999977E+0001  -1.87940314496018E-0001
 2.35799999999872E+0001  -1.75888868694301E-0001
 2.36000000000058E+0001  -1.61209266545484E-0001
 2.36199999999953E+0001  -1.44958041006475E-0001
 2.36400000000140E+0001  -1.28512811215842E-0001
 2.36600000000035E+0001  -1.13222914905577E-0001
 2.36799999999930E+0001  -1.00054194819904E-0001
 2.37000000000116E+0001  -8.93492314646664E-0002
 2.37200000000012E+0001  -8.07736338632594E-0002
 2.37399999999907E+0001  -7.34554148111783E-0002
 2.37600000000093E+0001  -6.62603715728665E-0002
 2.37799999999988E+0001  -5.80994683407425E-0002
 2.37999999999884E+0001  -4.81628651460824E-0002
 2.38200000000070E+0001  -3.60100555755594E-0002
 2.38399999999965E+0001  -2.14957804010965E-0002
 2.38599999999860E+0001  -4.59101704387166E-0003
 2.38800000000047E+0001   1.48195516271841E-0002
 2.38999999999942E+0001   3.70587019326649E-0002
 2.39200000000128E+0001   6.26357451425292E-0002
 2.39400000000023E+0001   9.20762471655507E-0002
 2.39599999999919E+0001   1.25654811590721E-0001
 2.39800000000105E+0001   1.63131056634484E-0001
 2.40000000000000E+0001   2.03587450396753E-0001
 2.40199999999895E+0001   2.45445561238739E-0001
 2.40400000000081E+0001   2.86667310434950E-0001
 2.40599999999977E+0001   3.25096484978076E-0001
 2.40799999999872E+0001   3.58829447477092E-0001
 2.41000000000058E+0001   3.86517239675868E-0001
 2.41199999999953E+0001   4.07501431335731E-0001
 2.41400000000140E+0001   4.21766629187005E-0001
 2.41600000000035E+0001   4.29731108089072E-0001
 2.41799999999930E+0001   4.31978908189194E-0001
 2.42000000000116E+0001   4.29019086973312E-0001
 2.42200000000012E+0001   4.21166096496563E-0001
 2.42399999999907E+0001   4.08563177746601E-0001
 2.42600000000093E+0001   3.91334206807187E-0001
 2.42799999999988E+0001   3.69768376872798E-0001
 2.42999999999884E+0001   3.44461591220806E-0001
 2.43200000000070E+0001   3.16333558505448E-0001
 2.43399999999965E+0001   2.86492937355888E-0001
 2.43599999999860E+0001   2.55999051919389E-0001
 2.43800000000047E+0001   2.25590843392411E-0001
 2.43999999999942E+0001   1.95488144028332E-0001
 2.44200000000128E+0001   1.65352560352403E-0001
 2.44400000000023E+0001   1.34426535344119E-0001
 2.44599999999919E+0001   1.01823190437358E-0001
 2.44800000000105E+0001   6.68746595860057E-0002
 2.45000000000000E+0001   2.94339164236987E-0002
 2.45199999999895E+0001  -9.97541365649113E-0003
 2.45400000000081E+0001  -5.01974424651621E-0002
 2.45599999999977E+0001  -8.96603555917181E-0002
 2.45799999999872E+0001  -1.26693353093970E-0001
 2.46000000000058E+0001  -1.59841487611175E-0001
 2.46199999999953E+0001  -1.88080369231329E-0001
 2.46400000000140E+0001  -2.10878024505064E-0001
 2.46600000000035E+0001  -2.28106582860164E-0001
 2.46799999999930E+0001  -2.39863900787441E-0001
 2.47000000000116E+0001  -2.46295064584501E-0001
 2.47200000000012E+0001  -2.47495039682690E-0001
 2.47399999999907E+0001  -2.43538033645109E-0001
 2.47600000000093E+0001  -2.34626581852353E-0001
 2.47799999999988E+0001  -2.21288193243481E-0001
 2.47999999999884E+0001  -2.04536794354908E-0001
 2.48200000000070E+0001  -1.85905040098078E-0001
 2.48399999999965E+0001  -1.67312777969528E-0001
 2.48599999999860E+0001  -1.50779532046272E-0001
 2.48800000000047E+0001  -1.38058729520708E-0001
 2.48999999999942E+0001  -1.30299388028334E-0001
 2.49200000000128E+0001  -1.27836696476379E-0001
 2.49400000000023E+0001  -1.30175707412036E-0001
 2.49599999999919E+0001  -1.36173234317766E-0001
 2.49800000000105E+0001  -1.44350599527115E-0001
 2.50000000000000E+0001  -1.53243023809637E-0001
 2.50199999999895E+0001  -1.61679513532135E-0001
 2.50400000000081E+0001  -1.68911123155340E-0001
 2.50599999999977E+0001  -1.74578369057144E-0001
 2.50799999999872E+0001  -1.78553841991516E-0001
 2.51000000000058E+0001  -1.80744972490857E-0001
 2.51199999999953E+0001  -1.80951053988565E-0001
 2.51400000000140E+0001  -1.78843405500629E-0001
 2.51600000000035E+0001  -1.74077428268674E-0001
 2.51799999999930E+0001  -1.66498803850573E-0001
 2.52000000000116E+0001  -1.56359386810209E-0001
 2.52200000000012E+0001  -1.44445805483201E-0001
 2.52399999999907E+0001  -1.32060103954473E-0001
 2.52600000000093E+0001  -1.20828549749262E-0001
 2.52799999999988E+0001  -1.12392701740418E-0001
 2.52999999999884E+0001  -1.08064276303367E-0001
 2.53200000000070E+0001  -1.08551422741243E-0001
 2.53399999999965E+0001  -1.13835762205440E-0001
 2.53599999999860E+0001  -1.23227711431696E-0001
 2.53800000000047E+0001  -1.35576827460682E-0001
 2.53999999999942E+0001  -1.49550876452849E-0001
 2.54200000000128E+0001  -1.63893704806696E-0001
 2.54400000000023E+0001  -1.77580207397341E-0001
 2.54599999999919E+0001  -1.89830382860237E-0001
 2.54800000000105E+0001  -2.00007896015450E-0001
 2.55000000000000E+0001  -2.07465242763874E-0001
 2.55199999999895E+0001  -2.11425585908501E-0001
 2.55400000000081E+0001  -2.10970862699014E-0001
 2.55599999999977E+0001  -2.05162758961251E-0001
 2.55799999999872E+0001  -1.93268248073309E-0001
 2.56000000000058E+0001  -1.75016787574350E-0001
 2.56199999999953E+0001  -1.50792280026735E-0001
 2.56400000000140E+0001  -1.21684426305592E-0001
 2.56600000000035E+0001  -8.93604786029982E-0002
 2.56799999999930E+0001  -5.57891076991268E-0002
 2.57000000000116E+0001  -2.28860524365189E-0002
 2.57200000000012E+0001   7.81180108123891E-0003
 2.57399999999907E+0001   3.53534891034997E-0002
 2.57600000000093E+0001   5.94113243122933E-0002
 2.57799999999988E+0001   8.01542816506071E-0002
 2.57999999999884E+0001   9.80178340716975E-0002
 2.58200000000070E+0001   1.13462132529321E-0001
 2.58399999999965E+0001   1.26802806649039E-0001
 2.58599999999860E+0001   1.38170782234056E-0001
 2.58800000000047E+0001   1.47595357694854E-0001
 2.58999999999942E+0001   1.55161587608063E-0001
 2.59200000000128E+0001   1.61161862507242E-0001
 2.59400000000023E+0001   1.66160002937204E-0001
 2.59599999999919E+0001   1.70926402340683E-0001
 2.59800000000105E+0001   1.76251993291544E-0001
 2.60000000000000E+0001   1.82693658425023E-0001
 2.60199999999895E+0001   1.90354717982700E-0001
 2.60400000000081E+0001   1.98767258247472E-0001
 2.60599999999977E+0001   2.06943888645355E-0001
 2.60799999999872E+0001   2.13588203878089E-0001
 2.61000000000058E+0001   2.17406175880342E-0001
 2.61199999999953E+0001   2.17423430321560E-0001
 2.61400000000140E+0001   2.13211871971225E-0001
 2.61600000000035E+0001   2.04959066003994E-0001
 2.61799999999930E+0001   1.93361594637963E-0001
 2.62000000000116E+0001   1.79394697382804E-0001
 2.62200000000012E+0001   1.64034656387230E-0001
 2.62399999999907E+0001   1.48033377794718E-0001
 2.62600000000093E+0001   1.31818400246630E-0001
 2.62799999999988E+0001   1.15531659962357E-0001
 2.62999999999884E+0001   9.91876923774271E-0002
 2.63200000000070E+0001   8.28677268780211E-0002
 2.63399999999965E+0001   6.68721074231371E-0002
 2.63599999999860E+0001   5.17596782643182E-0002
 2.63800000000047E+0001   3.82558034586395E-0002
 2.63999999999942E+0001   2.70592983405322E-0002
 2.64200000000128E+0001   1.86207666450287E-0002
 2.64400000000023E+0001   1.29728090555403E-0002
 2.64599999999919E+0001   9.68387818090832E-0003
 2.64800000000105E+0001   7.95388253489193E-0003
 2.65000000000000E+0001   6.82449011679864E-0003
 2.65199999999895E+0001   5.43327811894301E-0003
 2.65400000000081E+0001   3.22434689776685E-0003
 2.65599999999977E+0001   4.80464267785252E-0005
 2.65799999999872E+0001  -3.88247966606059E-0003
 2.66000000000058E+0001  -8.15168949158362E-0003
 2.66199999999953E+0001  -1.23540861686564E-0002
 2.66400000000140E+0001  -1.62775342306531E-0002
 2.66600000000035E+0001  -1.99856236380640E-0002
 2.66799999999930E+0001  -2.37684282858481E-0002
 2.67000000000116E+0001  -2.79865569823414E-0002
 2.67200000000012E+0001  -3.28655857927060E-0002
 2.67399999999907E+0001  -3.83299720411969E-0002
 2.67600000000093E+0001  -4.39417396256090E-0002
 2.67799999999988E+0001  -4.89774485223506E-0002
 2.67999999999884E+0001  -5.26246002132780E-0002
 2.68200000000070E+0001  -5.42284764390502E-0002
 2.68399999999965E+0001  -5.35085559932327E-0002
 2.68599999999860E+0001  -5.06623408857081E-0002
 2.68800000000047E+0001  -4.63216810161953E-0002
 2.68999999999942E+0001  -4.13713710391335E-0002
 2.69200000000128E+0001  -3.66934877591234E-0002
 2.69400000000023E+0001  -3.29204449039935E-0002
 2.69599999999919E+0001  -3.02827822523852E-0002
 2.69800000000105E+0001  -2.85946600656644E-0002
 2.70000000000000E+0001  -2.73766975308547E-0002
 2.70199999999895E+0001  -2.60651721828822E-0002
 2.70400000000081E+0001  -2.42274232178090E-0002
 2.70599999999977E+0001  -2.17036105831880E-0002
 2.70799999999872E+0001  -1.86300973306857E-0002
 2.71000000000058E+0001  -1.53409835705389E-0002
 2.71199999999953E+0001  -1.21927324764641E-0002
 2.71400000000140E+0001  -9.38876241357889E-0003
 2.71600000000035E+0001  -6.87669629707699E-0003
 2.71799999999930E+0001  -4.36332518658844E-0003
 2.72000000000116E+0001  -1.44677980567209E-0003
 2.72200000000012E+0001   2.18269567195151E-0003
 2.72399999999907E+0001   6.55068701490080E-0003
 2.72600000000093E+0001   1.12936886419988E-0002
 2.72799999999988E+0001   1.56899808860373E-0002
 2.72999999999884E+0001   1.88294479330295E-0002
 2.73200000000070E+0001   1.98682153315133E-0002
 2.73399999999965E+0001   1.82923655380307E-0002
 2.73599999999860E+0001   1.40962105785292E-0002
 2.73800000000047E+0001   7.81941110994921E-0003
 2.73999999999942E+0001   4.24402589502826E-0004
 2.74200000000128E+0001  -6.94259707894673E-0003
 2.74400000000023E+0001  -1.32334942905743E-0002
 2.74599999999919E+0001  -1.77312172684196E-0002
 2.74800000000105E+0001  -2.01671562001593E-0002
 2.75000000000000E+0001  -2.06953484848498E-0002
 2.75199999999895E+0001  -1.97482501903607E-0002
 2.75400000000081E+0001  -1.78369665767377E-0002
 2.75599999999977E+0001  -1.53766803165496E-0002
 2.75799999999872E+0001  -1.25948474567537E-0002
 2.76000000000058E+0001  -9.55433704278619E-0003
 2.76199999999953E+0001  -6.26455553256733E-0003
 2.76400000000140E+0001  -2.82670474123137E-0003
 2.76600000000035E+0001   4.59544038150295E-0004
 2.76799999999930E+0001   3.08403652284994E-0003
 2.77000000000116E+0001   4.42629577101172E-0003
 2.77200000000012E+0001   3.94145751734953E-0003
 2.77399999999907E+0001   1.36553884711788E-0003
 2.77600000000093E+0001  -3.13456969603010E-0003
 2.77799999999988E+0001  -8.92995131817997E-0003
 2.77999999999884E+0001  -1.50418615108094E-0002
 2.78200000000070E+0001  -2.03668331279232E-0002
 2.78399999999965E+0001  -2.39499734879587E-0002
 2.78599999999860E+0001  -2.52218789526069E-0002
 2.78800000000047E+0001  -2.41228564596554E-0002
 2.78999999999942E+0001  -2.10804979518571E-0002
 2.79200000000128E+0001  -1.68555524287228E-0002
 2.79400000000023E+0001  -1.23100862392249E-0002
 2.79599999999919E+0001  -8.18078121807275E-0003
 2.79800000000105E+0001  -4.93195394669499E-0003
 2.80000000000000E+0001  -2.72741284013733E-0003
 2.80199999999895E+0001  -1.51838121579750E-0003
 2.80400000000081E+0001  -1.20070435092678E-0003
 2.80599999999977E+0001  -1.76692589009875E-0003
 2.80799999999872E+0001  -3.39170821462531E-0003
 2.81000000000058E+0001  -6.40705177088563E-0003
 2.81199999999953E+0001  -1.11782920138239E-0002
 2.81400000000140E+0001  -1.79273128405555E-0002
 2.81600000000035E+0001  -2.65728997564736E-0002
 2.81799999999930E+0001  -3.66572670587288E-0002
 2.82000000000116E+0001  -4.73952845322287E-0002
 2.82200000000012E+0001  -5.78373156491239E-0002
 2.82399999999907E+0001  -6.70984672198074E-0002
 2.82600000000093E+0001  -7.45744026555712E-0002
 2.82799999999988E+0001  -8.00728261601762E-0002
 2.82999999999884E+0001  -8.38160440855518E-0002
 2.83200000000070E+0001  -8.63114364742614E-0002
 2.83399999999965E+0001  -8.81411306584141E-0002
 2.83599999999860E+0001  -8.97443372625730E-0002
 2.83800000000047E+0001  -9.12648494916084E-0002
 2.83999999999942E+0001  -9.25233903421940E-0002
 2.84200000000128E+0001  -9.31115956234407E-0002
 2.84400000000023E+0001  -9.25757233272861E-0002
 2.84599999999919E+0001  -9.06156510391156E-0002
 2.84800000000105E+0001  -8.72229049625730E-0002
 2.85000000000000E+0001  -8.27081871344717E-0002
 2.85199999999895E+0001  -7.76017873839692E-0002
 2.85400000000081E+0001  -7.24701755264050E-0002
 2.85599999999977E+0001  -6.77104591836724E-0002
 2.85799999999872E+0001  -6.34022293312455E-0002
 2.86000000000058E+0001  -5.92741633366245E-0002
 2.86199999999953E+0001  -5.47950983328178E-0002
 2.86400000000140E+0001  -4.93635898842513E-0002
 2.86600000000035E+0001  -4.25267504070348E-0002
 2.86799999999930E+0001  -3.41508102544026E-0002
 2.87000000000116E+0001  -2.44853575576371E-0002
 2.87200000000012E+0001  -1.40994288035472E-0002
 2.87399999999907E+0001  -3.71518871988741E-0003
 2.87600000000093E+0001   5.99876440492153E-0003
 2.87799999999988E+0001   1.45995772527243E-0002
 2.87999999999884E+0001   2.19485573743725E-0002
 2.88200000000070E+0001   2.81690748818733E-0002
 2.88399999999965E+0001   3.35085199128571E-0002
 2.88599999999860E+0001   3.81576081576327E-0002
 2.88800000000047E+0001   4.21052837685920E-0002
 2.88999999999942E+0001   4.50823652990948E-0002
 2.89200000000128E+0001   4.66259755976921E-0002
 2.89400000000023E+0001   4.62388727087273E-0002
 2.89599999999919E+0001   4.35898858852966E-0002
 2.89800000000105E+0001   3.86786659108225E-0002
 2.90000000000000E+0001   3.19048440065330E-0002
 2.90199999999895E+0001   2.40072938203468E-0002
 2.90400000000081E+0001   1.58954151908688E-0002
 2.90599999999977E+0001   8.42288327925189E-0003
 2.90799999999872E+0001   2.18350650095189E-0003
 2.91000000000058E+0001  -2.60502372770333E-0003
 2.91199999999953E+0001  -6.09225168432914E-0003
 2.91400000000140E+0001  -8.66949169852660E-0003
 2.91600000000035E+0001  -1.07776348879725E-0002
 2.91799999999930E+0001  -1.27191018799522E-0002
 2.92000000000116E+0001  -1.45422292889776E-0002
 2.92200000000012E+0001  -1.60366920895569E-0002
 2.92399999999907E+0001  -1.68366230213053E-0002
 2.92600000000093E+0001  -1.65869360902207E-0002
 2.92799999999988E+0001  -1.51082284348121E-0002
 2.92999999999884E+0001  -1.24903807086127E-0002
 2.93200000000070E+0001  -9.08053985577340E-0003
 2.93399999999965E+0001  -5.36738403609149E-0003
 2.93599999999860E+0001  -1.80524806993709E-0003
 2.93800000000047E+0001   1.35608447599544E-0003
 2.93999999999942E+0001   4.16570092323099E-0003
 2.94200000000128E+0001   6.95582248874871E-0003
 2.94400000000023E+0001   1.02117887066555E-0002
 2.94599999999919E+0001   1.43764365726042E-0002
 2.94800000000105E+0001   1.96559854946088E-0002
 2.95000000000000E+0001   2.58988297013616E-0002
 2.95199999999895E+0001   3.25960809459502E-0002
 2.95400000000081E+0001   3.90025832607535E-0002
 2.95599999999977E+0001   4.43441708550836E-0002
 2.95799999999872E+0001   4.80379278147893E-0002
 2.96000000000058E+0001   4.98516127735229E-0002
 2.96199999999953E+0001   4.99501221826222E-0002
 2.96400000000140E+0001   4.88148456075805E-0002
 2.96600000000035E+0001   4.70692651639411E-0002
 2.96799999999930E+0001   4.52732519894425E-0002
 2.97000000000116E+0001   4.37616642616945E-0002
 2.97200000000012E+0001   4.25776293020590E-0002
 2.97399999999907E+0001   4.15238615620979E-0002
 2.97600000000093E+0001   4.03011792754455E-0002
 2.97799999999988E+0001   3.86792030445235E-0002
 2.97999999999884E+0001   3.66280161393320E-0002
 2.98200000000070E+0001   3.43582926128079E-0002
 2.98399999999965E+0001   3.22521304098018E-0002
 2.98599999999860E+0001   3.07082854910163E-0002
 2.98800000000047E+0001   2.99618513737414E-0002
 2.98999999999942E+0001   2.99455526357804E-0002
 2.99200000000128E+0001   3.02530159791274E-0002
 2.99400000000023E+0001   3.02203414766211E-0002
 2.99599999999919E+0001   2.91077786254732E-0002
 2.99800000000105E+0001   2.63193319355537E-0002
 3.00000000000000E+0001   2.15904365079211E-0002
 3.00199999999895E+0001   1.50787689159557E-0002
 3.00400000000081E+0001   7.33035714285535E-0003
 3.00599999999977E+0001  -8.66155387638123E-0004
 3.00799999999872E+0001  -8.68485427747601E-0003
 3.01000000000058E+0001  -1.54580742762107E-0002
 3.01199999999953E+0001  -2.07971882311995E-0002
 3.01400000000140E+0001  -2.46072692514474E-0002
 3.01600000000035E+0001  -2.69984092774962E-0002
 3.01799999999930E+0001  -2.81410347439248E-0002
 3.02000000000116E+0001  -2.81248620308929E-0002
 3.02200000000012E+0001  -2.68821499479941E-0002
 3.02399999999907E+0001  -2.42056799571628E-0002
 3.02600000000093E+0001  -1.98556950870170E-0002
 3.02799999999988E+0001  -1.37115906303080E-0002
 3.02999999999884E+0001  -5.90947273298781E-0003
 3.03200000000070E+0001   3.09629428948099E-0003
 3.03399999999965E+0001   1.25752699563577E-0002
 3.03599999999860E+0001   2.16614318652262E-0002
 3.03800000000047E+0001   2.95476347220642E-0002
 3.03999999999942E+0001   3.56676260964832E-0002
 3.04200000000128E+0001   3.98077314423517E-0002
 3.04400000000023E+0001   4.21056058757472E-0002
 3.04599999999919E+0001   4.29440640340317E-0002
 3.04800000000105E+0001   4.27769770965369E-0002
 3.05000000000000E+0001   4.19536494925410E-0002
 3.05199999999895E+0001   4.06019862073208E-0002
 3.05400000000081E+0001   3.86137033398768E-0002
 3.05599999999977E+0001   3.57324973510345E-0002
 3.05799999999872E+0001   3.17076598461767E-0002
 3.06000000000058E+0001   2.64535091814366E-0002
 3.06199999999953E+0001   2.01507729152866E-0002
 3.06400000000140E+0001   1.32487508547712E-0002
 3.06600000000035E+0001   6.36427173609633E-0003
 3.06799999999930E+0001   1.10719233097467E-0004
 3.07000000000116E+0001  -5.07847254537097E-0003
 3.07200000000012E+0001  -9.07026987226800E-0003
 3.07399999999907E+0001  -1.20509302289662E-0002
 3.07600000000093E+0001  -1.44331924577301E-0002
 3.07799999999988E+0001  -1.66869739936431E-0002
 3.07999999999884E+0001  -1.91516272418255E-0002
 3.08200000000070E+0001  -2.18986009394087E-0002
 3.08399999999965E+0001  -2.46927112284538E-0002
 3.08599999999860E+0001  -2.70651058544047E-0002
 3.08800000000047E+0001  -2.84724278312467E-0002
 3.08999999999942E+0001  -2.84839536138008E-0002
 3.09200000000128E+0001  -2.69289025441708E-0002
 3.09400000000023E+0001  -2.39536199094914E-0002
 3.09599999999919E+0001  -1.99693729236117E-0002
 3.09800000000105E+0001  -1.55133419410305E-0002
 3.10000000000000E+0001  -1.10745218893982E-0002
 3.10199999999895E+0001  -6.95264192073353E-0003
 3.10400000000081E+0001  -3.19900589101607E-0003
 3.10599999999977E+0001   3.38157138257689E-0004
 3.10799999999872E+0001   3.88267987375102E-0003
 3.11000000000058E+0001   7.56679681519046E-0003
 3.11199999999953E+0001   1.12982158158843E-0002
 3.11400000000140E+0001   1.47123111447485E-0002
 3.11600000000035E+0001   1.72326796411824E-0002
 3.11799999999930E+0001   1.82221509514591E-0002
 3.12000000000116E+0001   1.71772226037774E-0002
 3.12200000000012E+0001   1.38946664988850E-0002
 3.12399999999907E+0001   8.55593408938660E-0003
 3.12600000000093E+0001   1.69987261219262E-0003
 3.12799999999988E+0001  -5.90949640725569E-0003
 3.12999999999884E+0001  -1.34698006998377E-0002
 3.13200000000070E+0001  -2.03226106853833E-0002
 3.13399999999965E+0001  -2.60690734494062E-0002
 3.13599999999860E+0001  -3.05868485787073E-0002
 3.13800000000047E+0001  -3.39523202525243E-0002
 3.13999999999942E+0001  -3.63061684864761E-0002
 3.14200000000128E+0001  -3.77210830226318E-0002
 3.14400000000023E+0001  -3.81261927481091E-0002
 3.14599999999919E+0001  -3.73182877728482E-0002
 3.14800000000105E+0001  -3.50586162037985E-0002
 3.15000000000000E+0001  -3.12129818593974E-0002
 3.15199999999895E+0001  -2.58807899746500E-0002
 3.15400000000081E+0001  -1.94554533925100E-0002
 3.15599999999977E+0001  -1.25874600156806E-0002
 3.15799999999872E+0001  -6.05246690189887E-0003
 3.16000000000058E+0001  -5.66356992163897E-0004
 3.16199999999953E+0001   3.39212486069584E-0003
 3.16400000000140E+0001   5.69083551562244E-0003
 3.16600000000035E+0001   6.54912312366207E-0003
 3.16799999999930E+0001   6.43574322090501E-0003
 3.17000000000116E+0001   5.89870437134010E-0003
 3.17200000000012E+0001   5.38357390559696E-0003
 3.17399999999907E+0001   5.10641146818358E-0003
 3.17600000000093E+0001   5.02091017452244E-0003
 3.17799999999988E+0001   4.88691974587141E-0003
 3.17999999999884E+0001   4.41220799640973E-0003
 3.18200000000070E+0001   3.40833857113054E-0003
 3.18399999999965E+0001   1.90141555994394E-0003
 3.18599999999860E+0001   1.55690726541646E-0004
 3.18800000000047E+0001  -1.40126348061109E-0003
 3.18999999999942E+0001  -2.32322174951349E-0003
 3.19200000000128E+0001  -2.30542129132161E-0003
 3.19400000000023E+0001  -1.30100355577589E-0003
 3.19599999999919E+0001   4.52475750938763E-0004
 3.19800000000105E+0001   2.50648470770187E-0003
 3.20000000000000E+0001   4.35050595238096E-0003
 3.20200000000186E+0001   5.58234808601554E-0003
 3.20399999999790E+0001   6.03996306700338E-0003
 3.20599999999977E+0001   5.84445830734381E-0003
 3.20800000000163E+0001   5.34333066143944E-0003
